D_1000001.wav 1 [0.08947618 0.91052383]
D_1000002.wav 1 [0.16592494 0.83407503]
D_1000003.wav 1 [0.13874611 0.8612539 ]
D_1000004.wav 1 [0.16976215 0.83023787]
D_1000005.wav 1 [0.62759304 0.37240702]
D_1000006.wav 1 [0.07666025 0.9233397 ]
D_1000007.wav 1 [0.05540693 0.9445931 ]
D_1000008.wav 1 [0.04592838 0.95407164]
D_1000009.wav 1 [0.35626113 0.6437389 ]
D_1000010.wav 1 [0.06050211 0.93949795]
D_1000011.wav 1 [0.14567582 0.85432416]
D_1000012.wav 1 [0.3111814  0.68881863]
D_1000013.wav 1 [0.31757197 0.68242806]
D_1000014.wav 1 [0.06325225 0.9367477 ]
D_1000015.wav 1 [0.81990653 0.18009347]
D_1000016.wav 1 [0.0613144 0.9386856]
D_1000017.wav 1 [0.14645039 0.8535496 ]
D_1000018.wav 1 [0.04194696 0.95805305]
D_1000019.wav 1 [0.05314269 0.94685733]
D_1000020.wav 1 [0.07147801 0.92852205]
D_1000021.wav 1 [0.01738216 0.9826178 ]
D_1000022.wav 1 [0.20857106 0.79142886]
D_1000023.wav 1 [0.08656733 0.9134326 ]
D_1000024.wav 1 [0.15390834 0.8460917 ]
D_1000025.wav 1 [0.0832805  0.91671956]
D_1000026.wav 1 [0.11501549 0.8849845 ]
D_1000027.wav 1 [0.14421608 0.85578394]
D_1000028.wav 1 [0.13815399 0.8618461 ]
D_1000029.wav 1 [0.05780314 0.9421969 ]
D_1000030.wav 1 [0.03814666 0.9618534 ]
D_1000031.wav 1 [0.44889644 0.55110353]
D_1000032.wav 1 [0.02081278 0.97918725]
D_1000033.wav 1 [0.06927428 0.93072575]
D_1000034.wav 1 [0.06774096 0.9322591 ]
D_1000035.wav 1 [0.11067313 0.8893269 ]
D_1000036.wav 1 [0.06061864 0.93938136]
D_1000037.wav 1 [0.7113692  0.28863075]
D_1000038.wav 1 [0.01735927 0.9826407 ]
D_1000039.wav 1 [0.02222677 0.97777325]
D_1000040.wav 1 [0.0263797  0.97362024]
D_1000041.wav 1 [0.6673553  0.33264467]
D_1000042.wav 1 [0.04443288 0.95556706]
D_1000043.wav 1 [0.17151879 0.82848126]
D_1000044.wav 1 [0.07215623 0.9278438 ]
D_1000045.wav 1 [0.07609784 0.9239022 ]
D_1000046.wav 1 [0.08950806 0.91049194]
D_1000047.wav 1 [0.85322493 0.14677511]
D_1000048.wav 1 [0.0263267 0.9736733]
D_1000049.wav 1 [0.09228371 0.9077163 ]
D_1000050.wav 1 [0.17780347 0.82219654]
D_1000051.wav 1 [0.08773962 0.91226035]
D_1000052.wav 1 [0.16950007 0.8304999 ]
D_1000053.wav 1 [0.14057633 0.8594237 ]
D_1000054.wav 1 [0.24711803 0.752882  ]
D_1000055.wav 1 [0.17982575 0.8201743 ]
D_1000056.wav 1 [0.07238328 0.9276168 ]
D_1000057.wav 1 [0.13648097 0.863519  ]
D_1000058.wav 1 [0.35190615 0.6480939 ]
D_1000059.wav 1 [0.33528566 0.6647143 ]
D_1000060.wav 1 [0.77693427 0.22306578]
D_1000061.wav 1 [0.09460146 0.90539855]
D_1000062.wav 1 [0.29383335 0.7061666 ]
D_1000063.wav 1 [0.12114042 0.87885964]
D_1000064.wav 1 [0.1899701  0.81002986]
D_1000065.wav 1 [0.10798425 0.89201576]
D_1000066.wav 1 [0.8459577 0.1540423]
D_1000067.wav 1 [0.06673456 0.93326545]
D_1000068.wav 1 [0.04020256 0.9597974 ]
D_1000069.wav 1 [0.06415042 0.9358496 ]
D_1000070.wav 1 [0.09996832 0.9000316 ]
D_1000071.wav 1 [0.05926996 0.94073004]
D_1000072.wav 1 [0.08336131 0.9166387 ]
D_1000073.wav 1 [0.05859081 0.9414092 ]
D_1000074.wav 1 [0.01124534 0.98875463]
D_1000075.wav 1 [0.01627018 0.9837298 ]
D_1000076.wav 1 [0.01772869 0.9822713 ]
D_1000077.wav 1 [0.06984386 0.9301562 ]
D_1000078.wav 1 [0.17516696 0.82483304]
D_1000079.wav 1 [0.01893419 0.9810658 ]
D_1000080.wav 1 [0.04065955 0.95934045]
D_1000081.wav 1 [0.7351075  0.26489252]
D_1000082.wav 1 [0.41263375 0.5873662 ]
D_1000083.wav 1 [0.20389752 0.79610246]
D_1000084.wav 1 [0.08799377 0.91200626]
D_1000085.wav 1 [0.16702592 0.8329741 ]
D_1000086.wav 1 [0.45432675 0.5456732 ]
D_1000087.wav 1 [0.71747524 0.28252473]
D_1000088.wav 1 [0.55035436 0.44964567]
D_1000089.wav 1 [0.7270861  0.27291387]
D_1000090.wav 1 [0.7794667  0.22053327]
D_1000091.wav 1 [0.17759047 0.8224095 ]
D_1000092.wav 1 [0.5303416  0.46965834]
D_1000093.wav 1 [0.17757511 0.8224249 ]
D_1000094.wav 1 [0.11230636 0.88769364]
D_1000095.wav 1 [0.2617928  0.73820716]
D_1000096.wav 1 [0.24430858 0.75569135]
D_1000097.wav 1 [0.7879478  0.21205218]
D_1000098.wav 1 [0.19164237 0.8083576 ]
D_1000099.wav 1 [0.07600086 0.9239992 ]
D_1000100.wav 1 [0.06577516 0.9342248 ]
D_1000101.wav 1 [0.16865382 0.83134615]
D_1000102.wav 1 [0.9374583  0.06254178]
D_1000103.wav 1 [0.08972245 0.91027755]
D_1000104.wav 1 [0.14862058 0.8513794 ]
D_1000105.wav 1 [0.10419522 0.89580476]
D_1000106.wav 1 [0.13500811 0.86499184]
D_1000107.wav 1 [0.10022463 0.89977545]
D_1000108.wav 1 [0.17823912 0.82176083]
D_1000109.wav 1 [0.550505   0.44949505]
D_1000110.wav 1 [0.16187705 0.8381229 ]
D_1000111.wav 1 [0.04724409 0.9527559 ]
D_1000112.wav 1 [0.07440571 0.9255943 ]
D_1000113.wav 1 [0.4379343 0.5620657]
D_1000114.wav 1 [0.5771076  0.42289233]
D_1000115.wav 1 [0.05681819 0.9431818 ]
D_1000116.wav 1 [0.04095301 0.95904696]
D_1000117.wav 1 [0.26794976 0.7320503 ]
D_1000118.wav 1 [0.10763969 0.89236027]
D_1000119.wav 1 [0.08853684 0.9114632 ]
D_1000120.wav 1 [0.20455049 0.79544955]
D_1000121.wav 1 [0.08790196 0.9120981 ]
D_1000122.wav 1 [0.15509962 0.8449004 ]
D_1000123.wav 1 [0.1228655 0.8771345]
D_1000124.wav 1 [0.1605662 0.8394338]
D_1000125.wav 1 [0.7260901  0.27390993]
D_1000126.wav 1 [0.19173972 0.8082603 ]
D_1000127.wav 1 [0.20895372 0.7910463 ]
D_1000128.wav 1 [0.07832737 0.92167264]
D_1000129.wav 1 [0.02716116 0.9728388 ]
D_1000130.wav 1 [0.06782174 0.93217826]
D_1000131.wav 1 [0.04647937 0.9535206 ]
D_1000132.wav 1 [0.02653266 0.9734674 ]
D_1000133.wav 1 [0.06046565 0.93953437]
D_1000134.wav 1 [0.00375032 0.99624974]
D_1000135.wav 1 [0.03153085 0.9684692 ]
D_1000136.wav 1 [0.18769355 0.8123065 ]
D_1000137.wav 1 [0.08996657 0.9100334 ]
D_1000138.wav 1 [0.0303407 0.9696593]
D_1000139.wav 1 [0.02767089 0.97232914]
D_1000140.wav 1 [0.03291801 0.96708196]
D_1000141.wav 1 [0.03588145 0.9641185 ]
D_1000142.wav 1 [0.04952381 0.95047617]
D_1000143.wav 1 [0.12137491 0.8786251 ]
D_1000144.wav 1 [0.01788219 0.98211783]
D_1000145.wav 1 [0.0554069 0.9445931]
D_1000146.wav 1 [0.02412866 0.9758714 ]
D_1000147.wav 1 [0.11316729 0.88683265]
D_1000148.wav 1 [0.13103302 0.86896694]
D_1000149.wav 1 [0.02601242 0.9739875 ]
D_1000150.wav 1 [0.08476748 0.91523254]
D_1000151.wav 1 [0.11870435 0.8812956 ]
D_1000152.wav 1 [0.01593288 0.9840671 ]
D_1000153.wav 1 [0.00325841 0.9967416 ]
D_1000154.wav 1 [0.0157834 0.9842166]
D_1000155.wav 1 [0.02172144 0.97827864]
D_1000156.wav 1 [0.00528476 0.9947153 ]
D_1000157.wav 1 [0.01681153 0.98318845]
D_1000158.wav 1 [0.04160117 0.9583988 ]
D_1000159.wav 1 [0.01972484 0.9802752 ]
D_1000160.wav 1 [0.10294906 0.897051  ]
D_1000161.wav 1 [0.03113805 0.96886194]
D_1000162.wav 1 [0.02094509 0.9790549 ]
D_1000163.wav 1 [0.00329624 0.9967038 ]
D_1000164.wav 1 [0.19565387 0.80434614]
D_1000165.wav 1 [0.01826693 0.9817331 ]
D_1000166.wav 1 [0.0286288 0.9713712]
D_1000167.wav 1 [0.00259377 0.9974062 ]
D_1000168.wav 1 [0.01273482 0.9872652 ]
D_1000169.wav 1 [0.02343986 0.9765602 ]
D_1000170.wav 1 [0.01203269 0.9879673 ]
D_1000171.wav 1 [0.02896946 0.9710305 ]
D_1000172.wav 1 [0.03252237 0.9674777 ]
D_1000173.wav 1 [0.20275687 0.7972431 ]
D_1000174.wav 1 [0.03352037 0.9664796 ]
D_1000175.wav 1 [0.05144709 0.9485529 ]
D_1000176.wav 1 [0.05448757 0.9455124 ]
D_1000177.wav 1 [0.01374425 0.9862557 ]
D_1000178.wav 1 [0.07490788 0.92509216]
D_1000179.wav 1 [0.04891183 0.95108813]
D_1000180.wav 1 [0.10057145 0.8994286 ]
D_1000181.wav 1 [0.02591028 0.9740897 ]
D_1000182.wav 1 [0.12359746 0.87640256]
D_1000183.wav 1 [0.07935148 0.9206486 ]
D_1000184.wav 1 [0.16730326 0.8326967 ]
D_1000185.wav 1 [0.07447216 0.9255279 ]
D_1000186.wav 1 [0.4071032  0.59289676]
D_1000187.wav 1 [0.06688393 0.9331161 ]
D_1000188.wav 1 [0.13650897 0.863491  ]
D_1000189.wav 1 [0.03940211 0.9605979 ]
D_1000190.wav 1 [0.0980932 0.9019068]
D_1000191.wav 1 [0.01295174 0.9870482 ]
D_1000192.wav 1 [0.09185842 0.90814155]
D_1000193.wav 1 [0.00393887 0.99606115]
D_1000194.wav 1 [0.00518111 0.99481887]
D_1000195.wav 1 [0.05383269 0.94616735]
D_1000196.wav 1 [0.01527719 0.98472273]
D_1000197.wav 1 [0.30391547 0.69608456]
D_1000198.wav 1 [0.08046566 0.9195343 ]
D_1000199.wav 1 [0.09944829 0.9005517 ]
D_1000200.wav 1 [0.06465783 0.9353422 ]
D_1000201.wav 1 [0.00200608 0.99799395]
D_1000202.wav 1 [0.01158512 0.9884149 ]
D_1000203.wav 1 [0.00707867 0.9929213 ]
D_1000204.wav 1 [0.01623127 0.98376876]
D_1000205.wav 1 [0.00307723 0.9969228 ]
D_1000206.wav 1 [0.00250874 0.99749124]
D_1000207.wav 1 [0.00135257 0.9986474 ]
D_1000208.wav 1 [0.04699843 0.9530016 ]
D_1000209.wav 1 [0.00197685 0.99802315]
D_1000210.wav 1 [0.00288364 0.9971163 ]
D_1000211.wav 1 [0.06551974 0.9344803 ]
D_1000212.wav 1 [0.0028017  0.99719834]
D_1000213.wav 1 [0.00717717 0.99282277]
D_1000214.wav 1 [0.0135676 0.9864324]
D_1000215.wav 1 [0.00352272 0.9964773 ]
D_1000216.wav 1 [0.01111315 0.9888868 ]
D_1000217.wav 1 [0.00557483 0.9944252 ]
D_1000218.wav 1 [0.00253742 0.9974625 ]
D_1000219.wav 1 [0.06358018 0.93641984]
D_1000220.wav 1 [0.00966535 0.9903347 ]
D_1000221.wav 1 [0.08515964 0.9148403 ]
D_1000222.wav 1 [0.0906877 0.9093123]
D_1000223.wav 1 [0.06877641 0.9312236 ]
D_1000224.wav 1 [0.01681836 0.98318166]
D_1000225.wav 1 [0.05198069 0.9480193 ]
D_1000226.wav 1 [0.13434872 0.8656513 ]
D_1000227.wav 1 [0.25012004 0.74987996]
D_1000228.wav 1 [0.01178553 0.9882145 ]
D_1000229.wav 1 [0.16158044 0.83841956]
D_1000230.wav 1 [0.04729144 0.95270854]
D_1000231.wav 1 [0.11373588 0.88626415]
D_1000232.wav 1 [0.01797763 0.9820224 ]
D_1000233.wav 1 [0.0144349 0.9855651]
D_1000234.wav 1 [0.00945825 0.99054176]
D_1000235.wav 1 [0.01086703 0.98913294]
D_1000236.wav 1 [0.00727761 0.99272233]
D_1000237.wav 1 [0.01143077 0.98856926]
D_1000238.wav 1 [0.01015884 0.98984116]
D_1000239.wav 1 [0.00462186 0.99537814]
D_1000240.wav 1 [0.02945673 0.9705432 ]
D_1000241.wav 1 [0.00501721 0.9949827 ]
D_1000242.wav 1 [0.01468735 0.98531264]
D_1000243.wav 1 [0.0250649 0.9749351]
D_1000244.wav 1 [0.00113124 0.99886876]
D_1000245.wav 1 [0.00265279 0.99734724]
D_1000246.wav 1 [0.00274641 0.9972536 ]
D_1000247.wav 1 [0.03703247 0.9629676 ]
D_1000248.wav 1 [0.00590687 0.9940931 ]
D_1000249.wav 1 [0.00235945 0.9976406 ]
D_1000250.wav 1 [0.04537125 0.9546287 ]
D_1000251.wav 1 [0.02673971 0.9732603 ]
D_1000252.wav 1 [0.0011388 0.9988612]
D_1000253.wav 1 [0.00917205 0.9908279 ]
D_1000254.wav 1 [0.01595211 0.9840479 ]
D_1000255.wav 1 [0.02813618 0.97186387]
D_1000256.wav 1 [0.00570954 0.9942905 ]
D_1000257.wav 1 [0.00862044 0.9913796 ]
D_1000258.wav 1 [0.00383536 0.9961647 ]
D_1000259.wav 1 [0.00498294 0.9950171 ]
D_1000260.wav 1 [0.019299   0.98070097]
D_1000261.wav 1 [0.01793193 0.982068  ]
D_1000262.wav 1 [0.22276925 0.77723074]
D_1000263.wav 1 [0.01374978 0.98625016]
D_1000264.wav 1 [0.01955754 0.98044246]
D_1000265.wav 1 [0.01100583 0.9889942 ]
D_1000266.wav 1 [0.04914648 0.9508536 ]
D_1000267.wav 1 [0.00616465 0.99383533]
D_1000268.wav 1 [0.00762834 0.9923717 ]
D_1000269.wav 1 [0.01588466 0.98411536]
D_1000270.wav 1 [0.00736698 0.99263304]
D_1000271.wav 1 [0.02086499 0.97913504]
D_1000272.wav 1 [0.00651209 0.99348795]
D_1000273.wav 1 [0.04479174 0.95520824]
D_1000274.wav 1 [0.03563067 0.9643693 ]
D_1000275.wav 1 [0.26103878 0.7389612 ]
D_1000276.wav 1 [0.03618408 0.96381587]
D_1000277.wav 1 [0.00319282 0.9968072 ]
D_1000278.wav 1 [0.00331877 0.99668115]
D_1000279.wav 1 [0.00824197 0.99175805]
D_1000280.wav 1 [0.02092354 0.9790765 ]
D_1000281.wav 1 [0.7508287  0.24917129]
D_1000282.wav 1 [0.884627   0.11537301]
D_1000283.wav 1 [0.90404534 0.09595465]
D_1000284.wav 1 [0.87068605 0.12931399]
D_1000285.wav 1 [0.884426   0.11557404]
D_1000286.wav 1 [0.89836586 0.10163414]
D_1000287.wav 1 [0.82215816 0.1778418 ]
D_1000288.wav 1 [0.8432254  0.15677455]
D_1000289.wav 1 [0.901929   0.09807104]
D_1000290.wav 1 [0.9026965  0.09730344]
D_1000291.wav 1 [0.00635746 0.99364257]
D_1000292.wav 1 [0.02693972 0.9730603 ]
D_1000293.wav 1 [0.0054808 0.9945192]
D_1000294.wav 1 [0.04906383 0.95093614]
D_1000295.wav 1 [0.01571611 0.9842839 ]
D_1000296.wav 1 [0.01055754 0.98944247]
D_1000297.wav 1 [0.12985636 0.8701436 ]
D_1000298.wav 1 [0.0178694 0.9821306]
D_1000299.wav 1 [0.02447762 0.9755224 ]
D_1000300.wav 1 [0.25495213 0.74504787]
D_1000301.wav 1 [0.03949647 0.9605036 ]
D_1000302.wav 1 [0.03039057 0.96960944]
D_1000303.wav 1 [0.01971432 0.98028564]
D_1000304.wav 1 [0.06400424 0.9359957 ]
D_1000305.wav 1 [0.04399309 0.95600694]
D_1000306.wav 1 [0.0599327 0.9400673]
D_1000307.wav 1 [0.0866162 0.9133838]
D_1000308.wav 1 [0.073952   0.92604804]
D_1000309.wav 1 [0.01470955 0.9852904 ]
D_1000310.wav 1 [0.01863622 0.9813638 ]
D_1000311.wav 1 [0.06338559 0.9366144 ]
D_1000312.wav 1 [0.06119604 0.938804  ]
D_1000313.wav 1 [0.1245289  0.87547106]
D_1000314.wav 1 [0.0297322 0.9702678]
D_1000315.wav 1 [0.03899122 0.9610088 ]
D_1000316.wav 1 [0.0087743  0.99122566]
D_1000317.wav 1 [0.10008569 0.8999143 ]
D_1000318.wav 1 [0.12306179 0.87693816]
D_1000319.wav 1 [0.09753697 0.9024631 ]
D_1000320.wav 1 [0.15024367 0.8497563 ]
D_1000321.wav 1 [0.15987042 0.84012955]
D_1000322.wav 1 [0.10297327 0.8970267 ]
D_1000323.wav 1 [0.10022975 0.8997703 ]
D_1000324.wav 1 [0.05375873 0.9462413 ]
D_1000325.wav 1 [0.14260182 0.85739815]
D_1000326.wav 1 [0.18816963 0.81183034]
D_1000327.wav 1 [0.03120304 0.9687969 ]
D_1000328.wav 1 [0.04099644 0.9590035 ]
D_1000329.wav 1 [0.14510295 0.854897  ]
D_1000330.wav 1 [0.15109484 0.8489052 ]
D_1000331.wav 1 [0.05496153 0.94503844]
D_1000332.wav 1 [0.08666932 0.9133307 ]
D_1000333.wav 1 [0.04062331 0.95937663]
D_1000334.wav 1 [0.09766882 0.9023311 ]
D_1000335.wav 1 [0.0761825  0.92381746]
D_1000336.wav 1 [0.12395196 0.8760481 ]
D_1000337.wav 1 [0.11814637 0.88185364]
D_1000338.wav 1 [0.06974195 0.9302581 ]
D_1000339.wav 1 [0.02950307 0.97049695]
D_1000340.wav 1 [0.13614878 0.86385125]
D_1000341.wav 1 [0.00163756 0.9983625 ]
D_1000342.wav 1 [0.00180796 0.998192  ]
D_1000343.wav 1 [0.00278351 0.99721646]
D_1000344.wav 1 [4.3902124e-04 9.9956101e-01]
D_1000345.wav 1 [8.7741390e-04 9.9912256e-01]
D_1000346.wav 1 [3.5976182e-04 9.9964023e-01]
D_1000347.wav 1 [1.7777809e-06 9.9999821e-01]
D_1000348.wav 1 [1.4621501e-04 9.9985373e-01]
D_1000349.wav 1 [0.00312767 0.99687237]
D_1000350.wav 1 [3.0908533e-04 9.9969089e-01]
D_1000351.wav 1 [0.00100588 0.9989942 ]
D_1000352.wav 1 [2.6159418e-05 9.9997389e-01]
D_1000353.wav 1 [2.1905718e-04 9.9978095e-01]
D_1000354.wav 1 [1.9173983e-04 9.9980825e-01]
D_1000355.wav 1 [1.2745267e-04 9.9987257e-01]
D_1000356.wav 1 [3.6530287e-04 9.9963462e-01]
D_1000357.wav 1 [1.8218174e-05 9.9998176e-01]
D_1000358.wav 1 [3.6733624e-04 9.9963260e-01]
D_1000359.wav 1 [7.8751094e-05 9.9992120e-01]
D_1000360.wav 1 [2.2884159e-04 9.9977118e-01]
D_1000361.wav 1 [5.5801956e-05 9.9994421e-01]
D_1000362.wav 1 [3.7862013e-05 9.9996209e-01]
D_1000363.wav 1 [1.5209218e-05 9.9998474e-01]
D_1000364.wav 1 [5.913795e-05 9.999409e-01]
D_1000365.wav 1 [9.0494235e-05 9.9990952e-01]
D_1000366.wav 1 [7.8305256e-06 9.9999213e-01]
D_1000367.wav 1 [8.2776118e-05 9.9991727e-01]
D_1000368.wav 1 [4.0397466e-05 9.9995959e-01]
D_1000369.wav 1 [1.1464984e-05 9.9998856e-01]
D_1000370.wav 1 [6.1921630e-05 9.9993813e-01]
D_1000371.wav 1 [0.01256572 0.9874343 ]
D_1000372.wav 1 [0.00631128 0.99368876]
D_1000373.wav 1 [0.0260228  0.97397715]
D_1000374.wav 1 [0.05589286 0.9441071 ]
D_1000375.wav 1 [0.00790134 0.9920987 ]
D_1000376.wav 1 [0.01895775 0.98104227]
D_1000377.wav 1 [0.03450886 0.9654911 ]
D_1000378.wav 1 [0.01043271 0.9895672 ]
D_1000379.wav 1 [0.03118917 0.9688108 ]
D_1000380.wav 1 [0.01407854 0.98592144]
D_1000381.wav 1 [3.600288e-04 9.996400e-01]
D_1000382.wav 1 [4.0603318e-04 9.9959403e-01]
D_1000383.wav 1 [0.00275053 0.9972494 ]
D_1000384.wav 1 [2.4457558e-04 9.9975544e-01]
D_1000385.wav 1 [0.00475745 0.9952426 ]
D_1000386.wav 1 [4.2893644e-04 9.9957103e-01]
D_1000387.wav 1 [0.00251562 0.9974843 ]
D_1000388.wav 1 [0.0027501 0.9972499]
D_1000389.wav 1 [0.00386399 0.996136  ]
D_1000390.wav 1 [0.02346488 0.97653514]
D_1000391.wav 1 [0.00136023 0.99863976]
D_1000392.wav 1 [0.00118145 0.9988186 ]
D_1000393.wav 1 [0.0025716  0.99742836]
D_1000394.wav 1 [0.00138642 0.9986136 ]
D_1000395.wav 1 [0.0033782  0.99662185]
D_1000396.wav 1 [0.00208344 0.9979165 ]
D_1000397.wav 1 [0.00487189 0.99512815]
D_1000398.wav 1 [0.02251823 0.9774818 ]
D_1000399.wav 1 [0.00423317 0.9957669 ]
D_1000400.wav 1 [0.01349826 0.98650175]
D_1000401.wav 1 [1.5295156e-04 9.9984705e-01]
D_1000402.wav 1 [0.00133451 0.99866545]
D_1000403.wav 1 [5.7450304e-04 9.9942553e-01]
D_1000404.wav 1 [0.00166291 0.99833703]
D_1000405.wav 1 [0.01076219 0.9892378 ]
D_1000406.wav 1 [0.00381811 0.99618196]
D_1000407.wav 1 [4.9225794e-04 9.9950778e-01]
D_1000408.wav 1 [9.0209371e-04 9.9909794e-01]
D_1000409.wav 1 [8.782239e-04 9.991217e-01]
D_1000410.wav 1 [8.397479e-04 9.991603e-01]
D_1000411.wav 1 [0.0011503  0.99884975]
D_1000412.wav 1 [2.7536126e-04 9.9972457e-01]
D_1000413.wav 1 [0.00119758 0.9988024 ]
D_1000414.wav 1 [7.4747927e-04 9.9925250e-01]
D_1000415.wav 1 [1.9470265e-04 9.9980527e-01]
D_1000416.wav 1 [0.00325972 0.9967403 ]
D_1000417.wav 1 [0.00822249 0.99177754]
D_1000418.wav 1 [0.00107143 0.9989286 ]
D_1000419.wav 1 [0.00366028 0.9963398 ]
D_1000420.wav 1 [0.00331971 0.99668026]
D_1000421.wav 1 [6.6084444e-04 9.9933916e-01]
D_1000422.wav 1 [4.8470005e-04 9.9951530e-01]
D_1000423.wav 1 [0.00371651 0.9962835 ]
D_1000424.wav 1 [0.00198132 0.9980186 ]
D_1000425.wav 1 [0.00507934 0.9949207 ]
D_1000426.wav 1 [0.00214769 0.9978523 ]
D_1000427.wav 1 [1.4977097e-04 9.9985015e-01]
D_1000428.wav 1 [0.10246002 0.89754   ]
D_1000429.wav 1 [0.0317364 0.9682636]
D_1000430.wav 1 [0.01655075 0.9834493 ]
D_1000431.wav 1 [0.00554786 0.9944522 ]
D_1000432.wav 1 [0.01432884 0.9856712 ]
D_1000433.wav 1 [0.01787976 0.9821202 ]
D_1000434.wav 1 [0.01753776 0.98246217]
D_1000435.wav 1 [0.07484538 0.92515457]
D_1000436.wav 1 [0.00273061 0.99726933]
D_1000437.wav 1 [0.00444726 0.9955527 ]
D_1000438.wav 1 [0.00301618 0.9969838 ]
D_1000439.wav 1 [0.01358662 0.98641336]
D_1000440.wav 1 [0.00919384 0.99080616]
D_1000441.wav 1 [0.00471648 0.99528354]
D_1000442.wav 1 [0.00205188 0.9979481 ]
D_1000443.wav 1 [0.00290588 0.99709415]
D_1000444.wav 1 [0.00853483 0.99146515]
D_1000445.wav 1 [0.00359707 0.996403  ]
D_1000446.wav 1 [0.00396571 0.9960343 ]
D_1000447.wav 1 [0.01217657 0.98782337]
D_1000448.wav 1 [0.0025371  0.99746287]
D_1000449.wav 1 [0.00100235 0.9989976 ]
D_1000450.wav 1 [0.00538708 0.99461293]
D_1000451.wav 1 [0.01202193 0.9879781 ]
D_1000452.wav 1 [0.00869518 0.9913049 ]
D_1000453.wav 1 [0.00854234 0.99145764]
D_1000454.wav 1 [0.02734389 0.9726561 ]
D_1000455.wav 1 [0.01848895 0.98151106]
D_1000456.wav 1 [0.00344702 0.99655294]
D_1000457.wav 1 [0.03065211 0.9693479 ]
D_1000458.wav 1 [0.00231736 0.9976826 ]
D_1000459.wav 1 [0.00476952 0.9952305 ]
D_1000460.wav 1 [0.02747829 0.9725218 ]
D_1000461.wav 1 [7.0020411e-04 9.9929976e-01]
D_1000462.wav 1 [0.00610858 0.9938915 ]
D_1000463.wav 1 [0.01736006 0.98263997]
D_1000464.wav 1 [0.00892104 0.9910789 ]
D_1000465.wav 1 [0.00542198 0.994578  ]
D_1000466.wav 1 [0.00683105 0.99316895]
D_1000467.wav 1 [0.00247007 0.9975299 ]
D_1000468.wav 1 [0.02766486 0.9723351 ]
D_1000469.wav 1 [0.00424892 0.995751  ]
D_1000470.wav 1 [0.00146198 0.998538  ]
D_1000471.wav 1 [9.5936301e-04 9.9904066e-01]
D_1000472.wav 1 [0.00602711 0.99397284]
D_1000473.wav 1 [0.00288708 0.9971129 ]
D_1000474.wav 1 [0.001349   0.99865097]
D_1000475.wav 1 [0.0030468 0.9969531]
D_1000476.wav 1 [0.04737335 0.9526266 ]
D_1000477.wav 1 [0.01026821 0.9897317 ]
D_1000478.wav 1 [0.00237229 0.9976277 ]
D_1000479.wav 1 [0.00605749 0.99394244]
D_1000480.wav 1 [0.00305964 0.9969404 ]
D_1000481.wav 1 [0.00188737 0.9981127 ]
D_1000482.wav 1 [0.00607726 0.99392277]
D_1000483.wav 1 [0.06093055 0.93906945]
D_1000484.wav 1 [0.00369048 0.99630946]
D_1000485.wav 1 [0.00497196 0.9950281 ]
D_1000486.wav 1 [0.00406835 0.9959317 ]
D_1000487.wav 1 [0.01266778 0.9873323 ]
D_1000488.wav 1 [0.01115942 0.98884064]
D_1000489.wav 1 [0.00303506 0.996965  ]
D_1000490.wav 1 [0.00304564 0.9969543 ]
D_1000491.wav 1 [0.00101714 0.99898285]
D_1000492.wav 1 [0.00398043 0.99601954]
D_1000493.wav 1 [0.00384487 0.9961551 ]
D_1000494.wav 1 [0.00160645 0.9983935 ]
D_1000495.wav 1 [0.00357452 0.99642545]
D_1000496.wav 1 [0.00411228 0.9958877 ]
D_1000497.wav 1 [7.5870985e-04 9.9924135e-01]
D_1000498.wav 1 [0.00434113 0.9956589 ]
D_1000499.wav 1 [0.01514587 0.9848541 ]
D_1000500.wav 1 [0.00255174 0.9974483 ]
D_1000501.wav 1 [6.3769723e-04 9.9936229e-01]
D_1000502.wav 1 [0.00322089 0.99677914]
D_1000503.wav 1 [6.4177567e-04 9.9935824e-01]
D_1000504.wav 1 [0.00183619 0.9981639 ]
D_1000505.wav 1 [0.00138786 0.99861217]
D_1000506.wav 1 [0.00134187 0.99865806]
D_1000507.wav 1 [0.00196211 0.9980379 ]
D_1000508.wav 1 [0.0161682  0.98383176]
D_1000509.wav 1 [0.00371479 0.9962852 ]
D_1000510.wav 1 [0.00114055 0.9988594 ]
D_1000511.wav 1 [0.5842534 0.4157466]
D_1000512.wav 1 [0.29228693 0.70771307]
D_1000513.wav 1 [0.78705114 0.21294886]
D_1000514.wav 1 [0.74783444 0.25216553]
D_1000515.wav 1 [0.94464666 0.05535328]
D_1000516.wav 1 [0.7229982  0.27700177]
D_1000517.wav 1 [0.9243963  0.07560365]
D_1000518.wav 1 [0.8386192 0.1613808]
D_1000519.wav 1 [0.36281246 0.63718754]
D_1000520.wav 1 [0.55884564 0.44115436]
D_1000521.wav 1 [7.9631136e-04 9.9920374e-01]
D_1000522.wav 1 [4.2635071e-04 9.9957365e-01]
D_1000523.wav 1 [1.0527245e-04 9.9989474e-01]
D_1000524.wav 1 [2.577001e-04 9.997423e-01]
D_1000525.wav 1 [0.00502538 0.9949746 ]
D_1000526.wav 1 [6.531834e-04 9.993468e-01]
D_1000527.wav 1 [0.00341154 0.99658847]
D_1000528.wav 1 [1.9074586e-04 9.9980932e-01]
D_1000529.wav 1 [4.7627752e-04 9.9952376e-01]
D_1000530.wav 1 [0.00296734 0.99703264]
D_1000531.wav 1 [0.00318605 0.99681395]
D_1000532.wav 1 [9.617551e-04 9.990382e-01]
D_1000533.wav 1 [1.9665140e-04 9.9980336e-01]
D_1000534.wav 1 [0.01026404 0.98973596]
D_1000535.wav 1 [4.2311812e-04 9.9957687e-01]
D_1000536.wav 1 [0.00114709 0.99885285]
D_1000537.wav 1 [9.325036e-04 9.990675e-01]
D_1000538.wav 1 [0.00245244 0.99754757]
D_1000539.wav 1 [7.762353e-04 9.992237e-01]
D_1000540.wav 1 [0.00118398 0.998816  ]
D_1000541.wav 1 [0.00405643 0.9959436 ]
D_1000542.wav 1 [0.00725634 0.9927436 ]
D_1000543.wav 1 [0.00245644 0.9975435 ]
D_1000544.wav 1 [0.00563305 0.99436694]
D_1000545.wav 1 [8.4628951e-04 9.9915373e-01]
D_1000546.wav 1 [3.232552e-04 9.996767e-01]
D_1000547.wav 1 [0.00235156 0.9976484 ]
D_1000548.wav 1 [0.00172092 0.9982791 ]
D_1000549.wav 1 [0.01194768 0.98805237]
D_1000550.wav 1 [7.6811214e-04 9.9923193e-01]
D_1000551.wav 1 [0.00520122 0.9947988 ]
D_1000552.wav 1 [0.00187718 0.99812275]
D_1000553.wav 1 [0.00454717 0.99545276]
D_1000554.wav 1 [0.00583607 0.99416393]
D_1000555.wav 1 [0.0016223 0.9983777]
D_1000556.wav 1 [0.00663383 0.9933662 ]
D_1000557.wav 1 [0.00824613 0.9917538 ]
D_1000558.wav 1 [0.00711985 0.99288017]
D_1000559.wav 1 [0.05229526 0.9477047 ]
D_1000560.wav 1 [0.00720936 0.9927906 ]
D_1000561.wav 1 [2.9358704e-14 1.0000000e+00]
D_1000562.wav 1 [0.0027522  0.99724776]
D_1000563.wav 1 [0.01862926 0.98137075]
D_1000564.wav 1 [0.00815175 0.99184823]
D_1000565.wav 1 [0.01021026 0.9897898 ]
D_1000566.wav 1 [0.00725699 0.992743  ]
D_1000567.wav 1 [0.01966691 0.98033303]
D_1000568.wav 1 [0.00371895 0.9962811 ]
D_1000569.wav 1 [0.0010822 0.9989178]
D_1000570.wav 1 [0.00468197 0.99531806]
D_1000571.wav 1 [0.00629769 0.9937023 ]
D_1000572.wav 1 [5.149534e-04 9.994850e-01]
D_1000573.wav 1 [0.00133521 0.99866474]
D_1000574.wav 1 [0.00124151 0.99875844]
D_1000575.wav 1 [0.00333117 0.9966689 ]
D_1000576.wav 1 [0.00862684 0.9913731 ]
D_1000577.wav 1 [0.00598602 0.99401397]
D_1000578.wav 1 [0.00307017 0.9969298 ]
D_1000579.wav 1 [0.00193848 0.9980615 ]
D_1000580.wav 1 [0.00592013 0.9940799 ]
D_1000581.wav 1 [0.20297627 0.7970238 ]
D_1000582.wav 1 [0.00412014 0.9958799 ]
D_1000583.wav 1 [0.00243362 0.99756646]
D_1000584.wav 1 [0.00104324 0.9989568 ]
D_1000585.wav 1 [0.0078956 0.9921044]
D_1000586.wav 1 [0.00245382 0.99754614]
D_1000587.wav 1 [0.0014935 0.9985065]
D_1000588.wav 1 [0.00380941 0.99619055]
D_1000589.wav 1 [0.00499804 0.995002  ]
D_1000590.wav 1 [6.320619e-04 9.993680e-01]
D_1000591.wav 1 [0.00473397 0.9952661 ]
D_1000592.wav 1 [0.00162449 0.99837554]
D_1000593.wav 1 [0.00406959 0.9959304 ]
D_1000594.wav 1 [0.00208575 0.99791425]
D_1000595.wav 1 [0.01392234 0.98607767]
D_1000596.wav 1 [0.00130973 0.9986903 ]
D_1000597.wav 1 [0.00189228 0.9981077 ]
D_1000598.wav 1 [0.0050887 0.9949114]
D_1000599.wav 1 [9.5606333e-04 9.9904388e-01]
D_1000600.wav 1 [0.00136007 0.9986399 ]
D_1000601.wav 1 [1.3284687e-23 1.0000000e+00]
D_1000602.wav 1 [0.02711706 0.9728829 ]
D_1000603.wav 1 [0.01311041 0.9868896 ]
D_1000604.wav 1 [0.00522883 0.9947712 ]
D_1000605.wav 1 [0.02046647 0.97953355]
D_1000606.wav 1 [0.00288499 0.997115  ]
D_1000607.wav 1 [0.0031539 0.996846 ]
D_1000608.wav 1 [0.00216421 0.9978358 ]
D_1000609.wav 1 [0.00115864 0.99884135]
D_1000610.wav 1 [0.0029068 0.9970932]
D_1000611.wav 1 [0.03863694 0.9613631 ]
D_1000612.wav 1 [0.01919278 0.98080724]
D_1000613.wav 1 [0.00296962 0.9970304 ]
D_1000614.wav 1 [0.00987991 0.99012005]
D_1000615.wav 1 [0.02308824 0.9769117 ]
D_1000616.wav 1 [0.01025227 0.98974776]
D_1000617.wav 1 [0.02139111 0.9786089 ]
D_1000618.wav 1 [0.01116573 0.9888342 ]
D_1000619.wav 1 [0.00169156 0.9983084 ]
D_1000620.wav 1 [0.00910184 0.9908982 ]
D_1000621.wav 1 [8.059155e-12 1.000000e+00]
D_1000622.wav 1 [0.00241565 0.99758434]
D_1000623.wav 1 [0.0020271 0.9979729]
D_1000624.wav 1 [0.03089266 0.9691074 ]
D_1000625.wav 1 [0.00176637 0.99823356]
D_1000626.wav 1 [3.0371145e-04 9.9969637e-01]
D_1000627.wav 1 [0.00578864 0.9942114 ]
D_1000628.wav 1 [0.00129761 0.9987024 ]
D_1000629.wav 1 [6.5468164e-04 9.9934536e-01]
D_1000630.wav 1 [0.00145843 0.9985416 ]
D_1000631.wav 1 [6.10108e-19 1.00000e+00]
D_1000632.wav 1 [0.00193874 0.99806124]
D_1000633.wav 1 [0.00272243 0.99727756]
D_1000634.wav 1 [0.00170631 0.9982937 ]
D_1000635.wav 1 [5.002085e-04 9.994998e-01]
D_1000636.wav 1 [0.00380455 0.99619544]
D_1000637.wav 1 [0.01588708 0.9841129 ]
D_1000638.wav 1 [0.02612867 0.9738713 ]
D_1000639.wav 1 [0.00321122 0.99678886]
D_1000640.wav 1 [0.00843022 0.99156976]
D_1000641.wav 1 [0.0021092 0.9978908]
D_1000642.wav 1 [5.093924e-04 9.994906e-01]
D_1000643.wav 1 [0.00256884 0.9974312 ]
D_1000644.wav 1 [0.00225445 0.9977456 ]
D_1000645.wav 1 [0.00941887 0.9905812 ]
D_1000646.wav 1 [0.01509039 0.9849096 ]
D_1000647.wav 1 [0.00339129 0.99660873]
D_1000648.wav 1 [0.00819691 0.9918031 ]
D_1000649.wav 1 [0.00109214 0.9989078 ]
D_1000650.wav 1 [0.00557286 0.9944271 ]
D_1000651.wav 1 [0.12078839 0.8792116 ]
D_1000652.wav 1 [0.00887825 0.99112177]
D_1000653.wav 1 [0.02447349 0.9755265 ]
D_1000654.wav 1 [0.04786596 0.9521341 ]
D_1000655.wav 1 [0.04911962 0.9508804 ]
D_1000656.wav 1 [0.02284445 0.97715557]
D_1000657.wav 1 [0.01625162 0.9837483 ]
D_1000658.wav 1 [0.01209061 0.9879094 ]
D_1000659.wav 1 [0.01784449 0.9821555 ]
D_1000660.wav 1 [0.00836064 0.99163944]
D_1000661.wav 1 [0.02400658 0.97599345]
D_1000662.wav 1 [0.0155695 0.9844305]
D_1000663.wav 1 [0.02589305 0.97410697]
D_1000664.wav 1 [0.01788815 0.9821118 ]
D_1000665.wav 1 [0.16021647 0.83978355]
D_1000666.wav 1 [0.03243371 0.96756625]
D_1000667.wav 1 [0.02333357 0.9766664 ]
D_1000668.wav 1 [0.02319366 0.9768064 ]
D_1000669.wav 1 [0.00557882 0.9944212 ]
D_1000670.wav 1 [0.01166944 0.9883306 ]
D_1000671.wav 1 [0.02979375 0.97020626]
D_1000672.wav 1 [0.01314996 0.98685   ]
D_1000673.wav 1 [0.0374986 0.9625014]
D_1000674.wav 1 [0.06187839 0.93812156]
D_1000675.wav 1 [0.0674102 0.9325898]
D_1000676.wav 1 [0.0528525 0.9471475]
D_1000677.wav 1 [0.05322045 0.94677955]
D_1000678.wav 1 [0.06038101 0.93961895]
D_1000679.wav 1 [0.04171583 0.9582842 ]
D_1000680.wav 1 [0.16845657 0.8315434 ]
D_1000681.wav 1 [0.0331702  0.96682984]
D_1000682.wav 1 [0.02040884 0.97959113]
D_1000683.wav 1 [0.07752591 0.92247415]
D_1000684.wav 1 [0.02118997 0.97880995]
D_1000685.wav 1 [0.05200787 0.94799215]
D_1000686.wav 1 [0.04596653 0.95403343]
D_1000687.wav 1 [0.16486461 0.8351354 ]
D_1000688.wav 1 [0.03483886 0.9651611 ]
D_1000689.wav 1 [0.03444633 0.9655537 ]
D_1000690.wav 1 [0.0516386  0.94836134]
D_1000691.wav 1 [0.01913075 0.9808693 ]
D_1000692.wav 1 [0.05510774 0.9448923 ]
D_1000693.wav 1 [0.03767165 0.9623284 ]
D_1000694.wav 1 [0.04559171 0.9544082 ]
D_1000695.wav 1 [0.02689624 0.97310376]
D_1000696.wav 1 [0.07410401 0.9258959 ]
D_1000697.wav 1 [0.03722734 0.9627726 ]
D_1000698.wav 1 [0.03400958 0.9659905 ]
D_1000699.wav 1 [0.24426356 0.7557365 ]
D_1000700.wav 1 [0.021449   0.97855103]
D_1000701.wav 1 [0.03989534 0.96010464]
D_1000702.wav 1 [0.14289615 0.8571038 ]
D_1000703.wav 1 [0.02730676 0.97269326]
D_1000704.wav 1 [0.01625774 0.98374224]
D_1000705.wav 1 [0.02325059 0.9767494 ]
D_1000706.wav 1 [0.03889228 0.96110773]
D_1000707.wav 1 [0.01078224 0.98921776]
D_1000708.wav 1 [0.02001384 0.97998613]
D_1000709.wav 1 [0.02212791 0.9778721 ]
D_1000710.wav 1 [0.05003915 0.9499608 ]
D_1000711.wav 1 [0.02335955 0.97664046]
D_1000712.wav 1 [0.01940625 0.98059374]
D_1000713.wav 1 [0.0098008 0.9901992]
D_1000714.wav 1 [0.02477839 0.97522163]
D_1000715.wav 1 [0.02079303 0.97920704]
D_1000716.wav 1 [0.03477683 0.9652232 ]
D_1000717.wav 1 [0.02506344 0.9749366 ]
D_1000718.wav 1 [0.03944422 0.96055585]
D_1000719.wav 1 [0.1576893 0.8423107]
D_1000720.wav 1 [0.00623116 0.9937688 ]
D_1000721.wav 1 [0.06518377 0.93481624]
D_1000722.wav 1 [0.10279901 0.897201  ]
D_1000723.wav 1 [0.03712705 0.962873  ]
D_1000724.wav 1 [0.04190925 0.9580908 ]
D_1000725.wav 1 [0.06341226 0.93658775]
D_1000726.wav 1 [0.02800071 0.97199935]
D_1000727.wav 1 [0.02405166 0.97594833]
D_1000728.wav 1 [0.05661982 0.9433802 ]
D_1000729.wav 1 [0.35422352 0.64577645]
D_1000730.wav 1 [0.03020656 0.9697934 ]
D_1000731.wav 1 [0.00910189 0.9908981 ]
D_1000732.wav 1 [0.00699184 0.99300814]
D_1000733.wav 1 [0.00961726 0.99038273]
D_1000734.wav 1 [0.02866741 0.9713326 ]
D_1000735.wav 1 [0.08361771 0.9163824 ]
D_1000736.wav 1 [0.00554771 0.9944523 ]
D_1000737.wav 1 [0.00467443 0.99532557]
D_1000738.wav 1 [0.01161485 0.9883852 ]
D_1000739.wav 1 [0.0040461 0.9959539]
D_1000740.wav 1 [0.01966227 0.98033774]
D_1000741.wav 1 [0.07588007 0.9241199 ]
D_1000742.wav 1 [0.21272966 0.78727037]
D_1000743.wav 1 [0.06674006 0.93325996]
D_1000744.wav 1 [0.05209485 0.9479052 ]
D_1000745.wav 1 [0.07564246 0.9243576 ]
D_1000746.wav 1 [0.01835176 0.9816482 ]
D_1000747.wav 1 [0.07074523 0.92925483]
D_1000748.wav 1 [0.05013448 0.9498655 ]
D_1000749.wav 1 [0.101467 0.898533]
D_1000750.wav 1 [0.04427283 0.9557272 ]
D_1000751.wav 1 [0.00847651 0.9915235 ]
D_1000752.wav 1 [0.02492331 0.9750767 ]
D_1000753.wav 1 [0.02604687 0.9739532 ]
D_1000754.wav 1 [0.03445366 0.96554637]
D_1000755.wav 1 [0.0453408 0.9546592]
D_1000756.wav 1 [0.12099944 0.87900054]
D_1000757.wav 1 [0.06952646 0.93047357]
D_1000758.wav 1 [0.02908121 0.9709188 ]
D_1000759.wav 1 [0.02394851 0.97605145]
D_1000760.wav 1 [0.01260753 0.9873925 ]
D_1000761.wav 0 [0.8288058 0.1711942]
D_1000762.wav 0 [0.9798606  0.02013943]
D_1000763.wav 0 [0.92595786 0.07404212]
D_1000764.wav 0 [0.96784896 0.03215113]
D_1000765.wav 0 [0.87148774 0.12851223]
D_1000766.wav 0 [0.65524596 0.344754  ]
D_1000767.wav 0 [0.04945418 0.95054585]
D_1000768.wav 0 [0.8202495  0.17975046]
D_1000769.wav 0 [0.91966957 0.08033036]
D_1000770.wav 0 [0.8806856  0.11931438]
D_1000771.wav 0 [0.90205234 0.0979476 ]
D_1000772.wav 0 [0.972408   0.02759201]
D_1000773.wav 0 [0.2486194  0.75138056]
D_1000774.wav 0 [0.82359684 0.17640315]
D_1000775.wav 0 [0.9813022  0.01869779]
D_1000776.wav 0 [0.807692   0.19230808]
D_1000777.wav 0 [0.63195217 0.36804786]
D_1000778.wav 0 [0.85192776 0.14807223]
D_1000779.wav 0 [0.96995    0.03004999]
D_1000780.wav 0 [0.92102104 0.07897893]
D_1000781.wav 0 [0.8191021 0.1808979]
D_1000782.wav 0 [0.6996716 0.3003284]
D_1000783.wav 0 [0.419615   0.58038497]
D_1000784.wav 0 [0.7574555  0.24254441]
D_1000785.wav 0 [0.7742199  0.22578011]
D_1000786.wav 0 [0.9273576  0.07264239]
D_1000787.wav 0 [0.99549484 0.00450521]
D_1000788.wav 0 [0.98010856 0.01989145]
D_1000789.wav 0 [0.9405894  0.05941061]
D_1000790.wav 0 [0.80417764 0.19582237]
D_1000791.wav 0 [0.8431828  0.15681724]
D_1000792.wav 0 [0.88971955 0.11028042]
D_1000793.wav 0 [0.69814646 0.30185354]
D_1000794.wav 0 [0.9032303  0.09676969]
D_1000795.wav 0 [0.949846   0.05015397]
D_1000796.wav 0 [0.9697113  0.03028863]
D_1000797.wav 0 [0.9891194  0.01088054]
D_1000798.wav 0 [0.7007073 0.2992927]
D_1000799.wav 0 [0.9254481  0.07455188]
D_1000800.wav 0 [0.4267252  0.57327485]
D_1000801.wav 0 [0.8338301  0.16616984]
D_1000802.wav 0 [0.77631384 0.22368623]
D_1000803.wav 0 [0.7203532  0.27964684]
D_1000804.wav 0 [0.80204684 0.19795318]
D_1000805.wav 0 [0.97807777 0.0219222 ]
D_1000806.wav 0 [0.98563683 0.01436321]
D_1000807.wav 0 [0.94343257 0.05656742]
D_1000808.wav 0 [0.95595896 0.04404103]
D_1000809.wav 0 [0.9283388  0.07166114]
D_1000810.wav 0 [0.9817307  0.01826935]
D_1000811.wav 0 [0.97259235 0.02740768]
D_1000812.wav 0 [0.95713055 0.04286946]
D_1000813.wav 0 [0.97383106 0.02616898]
D_1000814.wav 0 [0.91397494 0.08602508]
D_1000815.wav 0 [0.68882984 0.3111701 ]
D_1000816.wav 0 [0.77747476 0.22252527]
D_1000817.wav 0 [0.8556842  0.14431581]
D_1000818.wav 0 [0.9896277  0.01037227]
D_1000819.wav 0 [0.99224913 0.00775088]
D_1000820.wav 0 [0.9944313  0.00556869]
D_1000821.wav 0 [0.9039664  0.09603354]
D_1000822.wav 0 [0.93064624 0.06935371]
D_1000823.wav 0 [0.88344836 0.11655169]
D_1000824.wav 0 [0.9081514  0.09184857]
D_1000825.wav 0 [0.88504064 0.1149594 ]
D_1000826.wav 0 [0.83363086 0.16636918]
D_1000827.wav 0 [0.9632351  0.03676492]
D_1000828.wav 0 [0.8678893  0.13211073]
D_1000829.wav 0 [0.7726029  0.22739708]
D_1000830.wav 0 [0.80596733 0.19403261]
D_1000831.wav 0 [0.9272783  0.07272174]
D_1000832.wav 0 [0.7463072  0.25369278]
D_1000833.wav 0 [0.9984882  0.00151179]
D_1000834.wav 0 [0.9941386  0.00586143]
D_1000835.wav 0 [0.8591587  0.14084128]
D_1000836.wav 0 [0.9595281  0.04047198]
D_1000837.wav 0 [0.81434745 0.18565255]
D_1000838.wav 0 [0.98169035 0.01830967]
D_1000839.wav 0 [0.91162944 0.08837058]
D_1000840.wav 0 [0.94304353 0.05695644]
D_1000841.wav 0 [0.82592875 0.17407125]
D_1000842.wav 0 [0.9197077  0.08029226]
D_1000843.wav 0 [0.92856234 0.07143771]
D_1000844.wav 0 [0.8883718  0.11162823]
D_1000845.wav 0 [0.8744554  0.12554461]
D_1000846.wav 0 [0.852444 0.147556]
D_1000847.wav 0 [0.94298494 0.05701511]
D_1000848.wav 0 [0.6693391  0.33066088]
D_1000849.wav 0 [0.7625889  0.23741104]
D_1000850.wav 0 [0.65223134 0.34776866]
D_1000851.wav 0 [0.7097689 0.2902311]
D_1000852.wav 0 [0.80281895 0.19718103]
D_1000853.wav 0 [0.1507359  0.84926414]
D_1000854.wav 0 [0.9425053  0.05749467]
D_1000855.wav 0 [0.9092115  0.09078847]
D_1000856.wav 0 [0.7911775  0.20882247]
D_1000857.wav 0 [0.93037426 0.0696257 ]
D_1000858.wav 0 [0.81746346 0.18253653]
D_1000859.wav 0 [0.8494526  0.15054736]
D_1000860.wav 0 [0.9701273  0.02987278]
D_1000861.wav 0 [0.8902694  0.10973062]
D_1000862.wav 0 [0.16353703 0.836463  ]
D_1000863.wav 0 [0.8969156  0.10308432]
D_1000864.wav 0 [0.50324833 0.49675167]
D_1000865.wav 0 [0.3116697 0.6883303]
D_1000866.wav 0 [0.44340372 0.5565963 ]
D_1000867.wav 0 [0.97700226 0.02299777]
D_1000868.wav 0 [0.12161569 0.8783843 ]
D_1000869.wav 0 [0.7805405  0.21945947]
D_1000870.wav 0 [0.9698154  0.03018462]
D_1000871.wav 0 [0.5216961  0.47830388]
D_1000872.wav 0 [0.15079214 0.8492079 ]
D_1000873.wav 0 [0.45308125 0.54691875]
D_1000874.wav 0 [0.97690195 0.02309806]
D_1000875.wav 0 [0.9633075  0.03669252]
D_1000876.wav 0 [0.51612264 0.48387742]
D_1000877.wav 0 [0.23812093 0.7618791 ]
D_1000878.wav 0 [0.1121112 0.8878888]
D_1000879.wav 0 [0.2029547  0.79704523]
D_1000880.wav 0 [0.26792562 0.7320744 ]
D_1000881.wav 0 [0.5671408  0.43285915]
D_1000882.wav 0 [0.99510396 0.00489598]
D_1000883.wav 0 [0.9809378  0.01906225]
D_1000884.wav 0 [0.9896768  0.01032325]
D_1000885.wav 0 [0.4093021 0.5906979]
D_1000886.wav 0 [0.38330132 0.6166987 ]
D_1000887.wav 0 [0.44683757 0.55316246]
D_1000888.wav 0 [0.5742124  0.42578763]
D_1000889.wav 0 [0.9777135  0.02228652]
D_1000890.wav 0 [0.97805405 0.02194595]
D_1000891.wav 0 [0.9701301  0.02986992]
D_1000892.wav 0 [0.98343277 0.01656723]
D_1000893.wav 0 [0.29487985 0.70512015]
D_1000894.wav 0 [0.9172604  0.08273957]
D_1000895.wav 0 [0.1398436  0.86015636]
D_1000896.wav 0 [0.4140014  0.58599865]
D_1000897.wav 0 [0.22328494 0.77671504]
D_1000898.wav 0 [0.20664021 0.7933598 ]
D_1000899.wav 0 [0.28933257 0.71066743]
D_1000900.wav 0 [0.894486 0.105514]
D_1000901.wav 0 [0.9563312  0.04366883]
D_1000902.wav 0 [0.98762345 0.01237651]
D_1000903.wav 0 [0.82473946 0.17526053]
D_1000904.wav 0 [0.9321837  0.06781638]
D_1000905.wav 0 [0.9063405  0.09365951]
D_1000906.wav 0 [0.7778066  0.22219339]
D_1000907.wav 0 [0.52593654 0.47406343]
D_1000908.wav 0 [0.9081509  0.09184905]
D_1000909.wav 0 [0.73098356 0.26901639]
D_1000910.wav 0 [0.18284336 0.8171566 ]
D_1000911.wav 0 [0.25831872 0.7416813 ]
D_1000912.wav 0 [0.21096891 0.7890311 ]
D_1000913.wav 0 [0.9949079  0.00509208]
D_1000914.wav 0 [0.99093646 0.00906359]
D_1000915.wav 0 [0.9947241  0.00527583]
D_1000916.wav 0 [0.60674185 0.3932581 ]
D_1000917.wav 0 [0.81590533 0.18409467]
D_1000918.wav 0 [0.86126256 0.13873744]
D_1000919.wav 0 [0.80445814 0.1955418 ]
D_1000920.wav 0 [0.72314    0.27685994]
D_1000921.wav 0 [0.6268155  0.37318453]
D_1000922.wav 0 [0.97953355 0.02046637]
D_1000923.wav 0 [0.37853253 0.6214675 ]
D_1000924.wav 0 [0.23744604 0.76255393]
D_1000925.wav 0 [0.43103114 0.5689689 ]
D_1000926.wav 0 [0.8228237  0.17717631]
D_1000927.wav 0 [0.7219947  0.27800536]
D_1000928.wav 0 [0.9983114  0.00168859]
D_1000929.wav 0 [0.9867561  0.01324391]
D_1000930.wav 0 [0.14887035 0.85112965]
D_1000931.wav 0 [0.7113637  0.28863636]
D_1000932.wav 0 [0.17711903 0.8228809 ]
D_1000933.wav 0 [0.96528363 0.03471638]
D_1000934.wav 0 [0.70074093 0.2992591 ]
D_1000935.wav 0 [0.3785148 0.6214852]
D_1000936.wav 0 [0.1959127 0.8040872]
D_1000937.wav 0 [0.52764875 0.47235128]
D_1000938.wav 0 [0.9156099 0.0843901]
D_1000939.wav 0 [0.8511046  0.14889538]
D_1000940.wav 0 [0.8773845  0.12261552]
D_1000941.wav 0 [0.8634014  0.13659854]
D_1000942.wav 0 [0.8348663  0.16513368]
D_1000943.wav 0 [0.3295848 0.6704152]
D_1000944.wav 0 [0.4718715  0.52812856]
D_1000945.wav 0 [0.8045818  0.19541813]
D_1000946.wav 0 [0.23214404 0.76785594]
D_1000947.wav 0 [0.85973597 0.14026408]
D_1000948.wav 0 [0.8714739  0.12852617]
D_1000949.wav 0 [0.8752872  0.12471282]
D_1000950.wav 0 [0.8932109  0.10678906]
D_1000951.wav 0 [0.9526806  0.04731944]
D_1000952.wav 0 [0.9944863  0.00551375]
D_1000953.wav 0 [0.9823402  0.01765979]
D_1000954.wav 0 [0.9882052  0.01179486]
D_1000955.wav 0 [0.96645033 0.03354973]
D_1000956.wav 0 [0.9426463  0.05735368]
D_1000957.wav 0 [0.528409   0.47159097]
D_1000958.wav 0 [0.9540508  0.04594917]
D_1000959.wav 0 [0.98174125 0.01825875]
D_1000960.wav 0 [0.9693811  0.03061887]
D_1000961.wav 0 [0.9732168 0.0267832]
D_1000962.wav 0 [0.99058235 0.00941769]
D_1000963.wav 0 [0.85561955 0.14438039]
D_1000964.wav 0 [0.9385055  0.06149445]
D_1000965.wav 0 [0.99206233 0.00793765]
D_1000966.wav 0 [0.958678   0.04132199]
D_1000967.wav 0 [0.9222625  0.07773755]
D_1000968.wav 0 [0.9602582  0.03974186]
D_1000969.wav 0 [0.99174774 0.00825229]
D_1000970.wav 0 [0.9754004  0.02459964]
D_1000971.wav 0 [0.9605777  0.03942227]
D_1000972.wav 0 [0.92284757 0.07715242]
D_1000973.wav 0 [0.84614474 0.15385523]
D_1000974.wav 0 [0.92555404 0.074446  ]
D_1000975.wav 0 [0.93928164 0.06071831]
D_1000976.wav 0 [0.98001647 0.01998354]
D_1000977.wav 0 [0.99829596 0.00170405]
D_1000978.wav 0 [0.9931202 0.0068798]
D_1000979.wav 0 [0.9812781  0.01872194]
D_1000980.wav 0 [0.9598023  0.04019767]
D_1000981.wav 0 [0.9616507  0.03834924]
D_1000982.wav 0 [0.9713041  0.02869583]
D_1000983.wav 0 [0.9621984  0.03780166]
D_1000984.wav 0 [0.98366976 0.01633024]
D_1000985.wav 0 [0.98147154 0.01852843]
D_1000986.wav 0 [0.9906721  0.00932792]
D_1000987.wav 0 [0.99538815 0.00461178]
D_1000988.wav 0 [0.96074605 0.03925398]
D_1000989.wav 0 [0.97863436 0.02136569]
D_1000990.wav 0 [0.8745557  0.12544426]
D_1000991.wav 0 [0.96694237 0.03305764]
D_1000992.wav 0 [0.9493336  0.05066638]
D_1000993.wav 0 [0.91915333 0.08084667]
D_1000994.wav 0 [0.960742   0.03925802]
D_1000995.wav 0 [0.9923429  0.00765705]
D_1000996.wav 0 [0.99651235 0.00348766]
D_1000997.wav 0 [0.9807364  0.01926357]
D_1000998.wav 0 [0.9890788  0.01092119]
D_1000999.wav 0 [0.97168857 0.02831141]
D_1001000.wav 0 [0.99347657 0.0065234 ]
D_1001001.wav 0 [0.99111545 0.0088845 ]
D_1001002.wav 0 [0.9903846  0.00961545]
D_1001003.wav 0 [0.99328023 0.0067198 ]
D_1001004.wav 0 [0.9790127  0.02098723]
D_1001005.wav 0 [0.9091393 0.0908607]
D_1001006.wav 0 [0.9609207  0.03907932]
D_1001007.wav 0 [0.95992476 0.04007518]
D_1001008.wav 0 [0.99650794 0.00349202]
D_1001009.wav 0 [0.9963056  0.00369439]
D_1001010.wav 0 [0.997221   0.00277899]
D_1001011.wav 0 [0.972112   0.02788797]
D_1001012.wav 0 [0.9808204  0.01917955]
D_1001013.wav 0 [0.9681433  0.03185678]
D_1001014.wav 0 [0.9778477  0.02215232]
D_1001015.wav 0 [0.9716257  0.02837438]
D_1001016.wav 0 [0.96109354 0.03890651]
D_1001017.wav 0 [0.9890871  0.01091293]
D_1001018.wav 0 [0.9539247  0.04607529]
D_1001019.wav 0 [0.92285985 0.0771401 ]
D_1001020.wav 0 [0.9474164  0.05258359]
D_1001021.wav 0 [0.97673255 0.0232674 ]
D_1001022.wav 0 [0.9343707 0.0656293]
D_1001023.wav 0 [9.9933404e-01 6.6594029e-04]
D_1001024.wav 0 [0.9975967  0.00240327]
D_1001025.wav 0 [0.9708164  0.02918365]
D_1001026.wav 0 [0.9810875  0.01891253]
D_1001027.wav 0 [0.9482696 0.0517304]
D_1001028.wav 0 [0.9955776 0.0044224]
D_1001029.wav 0 [0.9788559  0.02114417]
D_1001030.wav 0 [0.98108107 0.0189189 ]
D_1001031.wav 0 [0.9571819  0.04281807]
D_1001032.wav 0 [0.9781908  0.02180921]
D_1001033.wav 0 [0.9794814  0.02051858]
D_1001034.wav 0 [0.9787254  0.02127468]
D_1001035.wav 0 [0.96650875 0.03349125]
D_1001036.wav 0 [0.96254826 0.03745176]
D_1001037.wav 0 [0.983067 0.016933]
D_1001038.wav 0 [0.88531274 0.11468731]
D_1001039.wav 0 [0.9492526  0.05074736]
D_1001040.wav 0 [0.93690133 0.06309871]
D_1001041.wav 0 [0.9097614  0.09023863]
D_1001042.wav 0 [0.95395553 0.0460445 ]
D_1001043.wav 0 [0.8801122  0.11988783]
D_1001044.wav 0 [0.97115254 0.02884741]
D_1001045.wav 0 [0.9780512  0.02194884]
D_1001046.wav 0 [0.85124767 0.1487524 ]
D_1001047.wav 0 [0.96319306 0.03680696]
D_1001048.wav 0 [0.795386   0.20461394]
D_1001049.wav 0 [0.9453946  0.05460543]
D_1001050.wav 0 [0.73772985 0.26227015]
D_1001051.wav 0 [0.8599444  0.14005563]
D_1001052.wav 0 [0.10789832 0.8921017 ]
D_1001053.wav 0 [0.80197126 0.19802871]
D_1001054.wav 0 [0.9203185  0.07968158]
D_1001055.wav 0 [0.8821107  0.11788929]
D_1001056.wav 0 [0.9010673  0.09893262]
D_1001057.wav 0 [0.941936   0.05806401]
D_1001058.wav 0 [0.30516845 0.69483155]
D_1001059.wav 0 [0.8081412  0.19185884]
D_1001060.wav 0 [0.95539176 0.04460831]
D_1001061.wav 0 [0.8407792  0.15922083]
D_1001062.wav 0 [0.7379579  0.26204214]
D_1001063.wav 0 [0.8808443 0.1191557]
D_1001064.wav 0 [0.9673657  0.03263435]
D_1001065.wav 0 [0.9157665  0.08423352]
D_1001066.wav 0 [0.81078386 0.18921614]
D_1001067.wav 0 [0.788338   0.21166196]
D_1001068.wav 0 [0.6280439 0.3719561]
D_1001069.wav 0 [0.8144324  0.18556766]
D_1001070.wav 0 [0.8289776  0.17102247]
D_1001071.wav 0 [0.91987735 0.08012267]
D_1001072.wav 0 [0.99238765 0.00761242]
D_1001073.wav 0 [0.98090327 0.01909675]
D_1001074.wav 0 [0.94205683 0.05794315]
D_1001075.wav 0 [0.8305661  0.16943389]
D_1001076.wav 0 [0.88131356 0.11868645]
D_1001077.wav 0 [0.87810785 0.12189215]
D_1001078.wav 0 [0.72030956 0.27969044]
D_1001079.wav 0 [0.8592605  0.14073947]
D_1001080.wav 0 [0.9363501  0.06364992]
D_1001081.wav 0 [0.9468128  0.05318725]
D_1001082.wav 0 [0.9789122  0.02108778]
D_1001083.wav 0 [0.6755814  0.32441854]
D_1001084.wav 0 [0.8913391  0.10866092]
D_1001085.wav 0 [0.67948014 0.3205199 ]
D_1001086.wav 0 [0.88891435 0.11108565]
D_1001087.wav 0 [0.8476697 0.1523303]
D_1001088.wav 0 [0.7750424  0.22495763]
D_1001089.wav 0 [0.86735106 0.13264899]
D_1001090.wav 0 [0.96120733 0.03879264]
D_1001091.wav 0 [0.9846846  0.01531534]
D_1001092.wav 0 [0.8589332  0.14106679]
D_1001093.wav 0 [0.94566774 0.05433222]
D_1001094.wav 0 [0.92763346 0.07236654]
D_1001095.wav 0 [0.972203   0.02779697]
D_1001096.wav 0 [0.96477693 0.03522308]
D_1001097.wav 0 [0.95445246 0.04554751]
D_1001098.wav 0 [0.9711636 0.0288364]
D_1001099.wav 0 [0.9466149  0.05338513]
D_1001100.wav 0 [0.77199495 0.22800505]
D_1001101.wav 0 [0.8550239  0.14497606]
D_1001102.wav 0 [0.8247774  0.17522259]
D_1001103.wav 0 [0.9754866  0.02451345]
D_1001104.wav 0 [0.9847815  0.01521857]
D_1001105.wav 0 [0.9873585  0.01264144]
D_1001106.wav 0 [0.9220973  0.07790271]
D_1001107.wav 0 [0.90393996 0.09606007]
D_1001108.wav 0 [0.8310561  0.16894394]
D_1001109.wav 0 [0.8711108  0.12888919]
D_1001110.wav 0 [0.7661426  0.23385742]
D_1001111.wav 0 [0.7370835  0.26291648]
D_1001112.wav 0 [0.96755534 0.0324447 ]
D_1001113.wav 0 [0.888173   0.11182704]
D_1001114.wav 0 [0.8196024  0.18039764]
D_1001115.wav 0 [0.7811568 0.2188433]
D_1001116.wav 0 [0.8807678  0.11923216]
D_1001117.wav 0 [0.8152582  0.18474185]
D_1001118.wav 0 [0.99768114 0.00231888]
D_1001119.wav 0 [0.9936253  0.00637471]
D_1001120.wav 0 [0.9091246  0.09087539]
D_1001121.wav 0 [0.9411919  0.05880809]
D_1001122.wav 0 [0.7879373 0.2120627]
D_1001123.wav 0 [0.97138286 0.02861714]
D_1001124.wav 0 [0.8969149  0.10308517]
D_1001125.wav 0 [0.89512306 0.104877  ]
D_1001126.wav 0 [0.8521987  0.14780127]
D_1001127.wav 0 [0.9241837  0.07581623]
D_1001128.wav 0 [0.89560306 0.10439691]
D_1001129.wav 0 [0.88074183 0.11925815]
D_1001130.wav 0 [0.8315421  0.16845797]
D_1001131.wav 0 [0.80006766 0.19993235]
D_1001132.wav 0 [0.9438455  0.05615448]
D_1001133.wav 0 [0.784316   0.21568394]
D_1001134.wav 0 [0.80360544 0.19639456]
D_1001135.wav 0 [0.5291327 0.4708673]
D_1001136.wav 0 [0.7607778  0.23922226]
D_1001137.wav 0 [0.84344393 0.1565561 ]
D_1001138.wav 0 [0.38008696 0.6199131 ]
D_1001139.wav 0 [0.9344401  0.06555992]
D_1001140.wav 0 [0.87211317 0.12788679]
D_1001141.wav 0 [0.9761062  0.02389379]
D_1001142.wav 0 [0.99647164 0.00352843]
D_1001143.wav 0 [0.97722334 0.02277669]
D_1001144.wav 0 [0.99503595 0.00496397]
D_1001145.wav 0 [0.9835451  0.01645484]
D_1001146.wav 0 [0.9844231  0.01557688]
D_1001147.wav 0 [0.812519   0.18748096]
D_1001148.wav 0 [0.9887122  0.01128778]
D_1001149.wav 0 [0.99032205 0.00967796]
D_1001150.wav 0 [0.98350614 0.01649392]
D_1001151.wav 0 [0.98606837 0.0139316 ]
D_1001152.wav 0 [0.99663085 0.00336909]
D_1001153.wav 0 [0.9262981  0.07370192]
D_1001154.wav 0 [0.9801759  0.01982407]
D_1001155.wav 0 [0.9970462  0.00295386]
D_1001156.wav 0 [0.9896311  0.01036893]
D_1001157.wav 0 [0.95585126 0.04414869]
D_1001158.wav 0 [0.9789362  0.02106383]
D_1001159.wav 0 [0.99726677 0.0027332 ]
D_1001160.wav 0 [0.99232554 0.00767452]
D_1001161.wav 0 [0.97724473 0.02275532]
D_1001162.wav 0 [0.9519528  0.04804716]
D_1001163.wav 0 [0.8982339  0.10176617]
D_1001164.wav 0 [0.95951515 0.04048489]
D_1001165.wav 0 [0.960569   0.03943094]
D_1001166.wav 0 [0.9932613  0.00673878]
D_1001167.wav 0 [9.994272e-01 5.728894e-04]
D_1001168.wav 0 [0.99864084 0.00135919]
D_1001169.wav 0 [0.9959837 0.0040163]
D_1001170.wav 0 [0.9760261  0.02397387]
D_1001171.wav 0 [0.97693026 0.0230697 ]
D_1001172.wav 0 [0.98872197 0.01127799]
D_1001173.wav 0 [0.979192   0.02080793]
D_1001174.wav 0 [0.98654836 0.01345165]
D_1001175.wav 0 [0.99310327 0.00689681]
D_1001176.wav 0 [0.99574983 0.00425015]
D_1001177.wav 0 [0.9982495  0.00175055]
D_1001178.wav 0 [0.9809559  0.01904416]
D_1001179.wav 0 [0.992021   0.00797901]
D_1001180.wav 0 [0.9306063  0.06939366]
D_1001181.wav 0 [0.9781367  0.02186327]
D_1001182.wav 0 [0.97272813 0.02727182]
D_1001183.wav 0 [0.9526342  0.04736576]
D_1001184.wav 0 [0.9863679  0.01363208]
D_1001185.wav 0 [0.9969093  0.00309068]
D_1001186.wav 0 [0.99841857 0.00158147]
D_1001187.wav 0 [0.9902863  0.00971371]
D_1001188.wav 0 [0.9961318  0.00386826]
D_1001189.wav 0 [0.9906302  0.00936982]
D_1001190.wav 0 [0.99782276 0.00217728]
D_1001191.wav 0 [0.99575716 0.00424287]
D_1001192.wav 0 [0.9960647  0.00393525]
D_1001193.wav 0 [0.99773884 0.00226113]
D_1001194.wav 0 [0.99250436 0.00749562]
D_1001195.wav 0 [0.9620474  0.03795256]
D_1001196.wav 0 [0.9739818 0.0260182]
D_1001197.wav 0 [0.9823186  0.01768135]
D_1001198.wav 0 [0.99812514 0.00187486]
D_1001199.wav 0 [9.990404e-01 9.595814e-04]
D_1001200.wav 0 [9.9923122e-01 7.6877774e-04]
D_1001201.wav 0 [0.98795426 0.01204576]
D_1001202.wav 0 [0.9887056  0.01129439]
D_1001203.wav 0 [0.9711123  0.02888768]
D_1001204.wav 0 [0.9846133  0.01538675]
D_1001205.wav 0 [0.9798734  0.02012658]
D_1001206.wav 0 [0.97845125 0.02154878]
D_1001207.wav 0 [0.9971129  0.00288708]
D_1001208.wav 0 [0.9816143  0.01838569]
D_1001209.wav 0 [0.9663943  0.03360565]
D_1001210.wav 0 [0.97436416 0.02563578]
D_1001211.wav 0 [0.990831   0.00916902]
D_1001212.wav 0 [0.97879195 0.02120806]
D_1001213.wav 0 [9.9986708e-01 1.3286874e-04]
D_1001214.wav 0 [9.9940205e-01 5.9791747e-04]
D_1001215.wav 0 [0.98922044 0.01077959]
D_1001216.wav 0 [0.9942789  0.00572108]
D_1001217.wav 0 [0.97266066 0.02733935]
D_1001218.wav 0 [0.99813014 0.00186992]
D_1001219.wav 0 [0.9902142 0.0097857]
D_1001220.wav 0 [0.9938437  0.00615638]
D_1001221.wav 0 [0.9848311  0.01516896]
D_1001222.wav 0 [0.99056923 0.00943074]
D_1001223.wav 0 [0.994534   0.00546604]
D_1001224.wav 0 [0.9904427  0.00955732]
D_1001225.wav 0 [0.9832358  0.01676415]
D_1001226.wav 0 [0.98024094 0.01975909]
D_1001227.wav 0 [0.9921779  0.00782215]
D_1001228.wav 0 [0.9402127  0.05978733]
D_1001229.wav 0 [0.9727154  0.02728457]
D_1001230.wav 0 [0.9576476  0.04235235]
D_1001231.wav 0 [0.94161576 0.05838423]
D_1001232.wav 0 [0.98380256 0.01619745]
D_1001233.wav 0 [0.9402298  0.05977024]
D_1001234.wav 0 [0.9919046  0.00809538]
D_1001235.wav 0 [0.9884411  0.01155892]
D_1001236.wav 0 [0.9171722  0.08282788]
D_1001237.wav 0 [0.97218037 0.02781959]
D_1001238.wav 0 [0.7276309 0.2723691]
D_1001239.wav 0 [0.9695109  0.03048912]
D_1001240.wav 0 [0.90038365 0.09961639]
D_1001241.wav 0 [0.9539575  0.04604245]
D_1001242.wav 0 [0.814059   0.18594101]
D_1001243.wav 0 [0.93821    0.06178996]
D_1001244.wav 0 [0.9502512  0.04974876]
D_1001245.wav 0 [0.92049307 0.07950697]
D_1001246.wav 0 [0.9180385  0.08196147]
D_1001247.wav 0 [0.9802495 0.0197505]
D_1001248.wav 0 [0.81821233 0.1817877 ]
D_1001249.wav 0 [0.90506047 0.09493956]
D_1001250.wav 0 [0.9555     0.04449993]
D_1001251.wav 0 [0.9509724  0.04902762]
D_1001252.wav 0 [0.8258775 0.1741225]
D_1001253.wav 0 [0.9094379  0.09056211]
D_1001254.wav 0 [0.9892386  0.01076133]
D_1001255.wav 0 [0.95565027 0.04434977]
D_1001256.wav 0 [0.9132738  0.08672623]
D_1001257.wav 0 [0.84652054 0.15347946]
D_1001258.wav 0 [0.7637005  0.23629959]
D_1001259.wav 0 [0.8324359  0.16756411]
D_1001260.wav 0 [0.8958811  0.10411891]
D_1001261.wav 0 [0.9443924  0.05560759]
D_1001262.wav 0 [0.99298626 0.00701369]
D_1001263.wav 0 [0.99185586 0.0081442 ]
D_1001264.wav 0 [0.9669135  0.03308645]
D_1001265.wav 0 [0.89963484 0.10036517]
D_1001266.wav 0 [0.914345   0.08565497]
D_1001267.wav 0 [0.9327041  0.06729596]
D_1001268.wav 0 [0.8613092  0.13869081]
D_1001269.wav 0 [0.90730655 0.09269347]
D_1001270.wav 0 [0.91644394 0.0835561 ]
D_1001271.wav 0 [0.9615459  0.03845413]
D_1001272.wav 0 [0.98872477 0.01127526]
D_1001273.wav 0 [0.91425943 0.08574056]
D_1001274.wav 0 [0.9646006  0.03539941]
D_1001275.wav 0 [0.7406971  0.25930285]
D_1001276.wav 0 [0.9158196  0.08418038]
D_1001277.wav 0 [0.89547306 0.10452692]
D_1001278.wav 0 [0.80602235 0.19397768]
D_1001279.wav 0 [0.9385479 0.0614521]
D_1001280.wav 0 [0.9688552  0.03114476]
D_1001281.wav 0 [0.9961653  0.00383477]
D_1001282.wav 0 [0.9285707 0.0714293]
D_1001283.wav 0 [0.9786986 0.0213014]
D_1001284.wav 0 [0.9182644  0.08173555]
D_1001285.wav 0 [0.98858005 0.01141998]
D_1001286.wav 0 [0.976999   0.02300104]
D_1001287.wav 0 [0.9812329  0.01876707]
D_1001288.wav 0 [0.9876546  0.01234532]
D_1001289.wav 0 [0.96372885 0.03627117]
D_1001290.wav 0 [0.81618416 0.18381578]
D_1001291.wav 0 [0.90290445 0.09709551]
D_1001292.wav 0 [0.86403996 0.13596004]
D_1001293.wav 0 [0.9850092  0.01499086]
D_1001294.wav 0 [0.9900373  0.00996273]
D_1001295.wav 0 [0.99190533 0.00809462]
D_1001296.wav 0 [0.9388352  0.06116483]
D_1001297.wav 0 [0.95810187 0.04189817]
D_1001298.wav 0 [0.8484347  0.15156525]
D_1001299.wav 0 [0.9329494  0.06705056]
D_1001300.wav 0 [0.9201848  0.07981517]
D_1001301.wav 0 [0.93002945 0.06997056]
D_1001302.wav 0 [0.9858118 0.0141882]
D_1001303.wav 0 [0.91526693 0.08473307]
D_1001304.wav 0 [0.84636277 0.15363716]
D_1001305.wav 0 [0.9040967  0.09590331]
D_1001306.wav 0 [0.9449886  0.05501138]
D_1001307.wav 0 [0.8820058  0.11799418]
D_1001308.wav 0 [0.99864393 0.00135612]
D_1001309.wav 0 [0.9958947  0.00410531]
D_1001310.wav 0 [0.9552909  0.04470908]
D_1001311.wav 0 [0.9692364  0.03076359]
D_1001312.wav 0 [0.9052133  0.09478667]
D_1001313.wav 0 [0.9875366 0.0124634]
D_1001314.wav 0 [0.9342348  0.06576526]
D_1001315.wav 0 [0.9637265  0.03627351]
D_1001316.wav 0 [0.9454813  0.05451873]
D_1001317.wav 0 [0.9595057  0.04049436]
D_1001318.wav 0 [0.9629849  0.03701508]
D_1001319.wav 0 [0.9540358 0.0459642]
D_1001320.wav 0 [0.9162759  0.08372403]
D_1001321.wav 0 [0.9273012  0.07269875]
D_1001322.wav 0 [0.96840847 0.03159153]
D_1001323.wav 0 [0.8164618 0.1835382]
D_1001324.wav 0 [0.9433389  0.05666117]
D_1001325.wav 0 [0.872804   0.12719607]
D_1001326.wav 0 [0.8244212  0.17557874]
D_1001327.wav 0 [0.94256026 0.05743971]
D_1001328.wav 0 [0.8430082  0.15699175]
D_1001329.wav 0 [0.958532   0.04146799]
D_1001330.wav 0 [0.94546056 0.05453947]
D_1001331.wav 0 [0.9496167  0.05038328]
D_1001332.wav 0 [0.97931004 0.02068997]
D_1001333.wav 0 [0.9625374  0.03746261]
D_1001334.wav 0 [0.96110684 0.03889316]
D_1001335.wav 0 [0.9576074  0.04239258]
D_1001336.wav 0 [0.95630324 0.04369674]
D_1001337.wav 0 [0.946092   0.05390794]
D_1001338.wav 0 [0.9611172  0.03888278]
D_1001339.wav 0 [0.93474644 0.06525354]
D_1001340.wav 0 [0.9066518  0.09334821]
D_1001341.wav 0 [0.9175     0.08250003]
D_1001342.wav 0 [0.9762565  0.02374347]
D_1001343.wav 0 [0.9183803  0.08161969]
D_1001344.wav 0 [0.9661912  0.03380883]
D_1001345.wav 0 [0.9776989  0.02230112]
D_1001346.wav 0 [0.9533492  0.04665082]
D_1001347.wav 0 [0.75148624 0.24851376]
D_1001348.wav 0 [0.87147    0.12853006]
D_1001349.wav 0 [0.98320264 0.01679734]
D_1001350.wav 0 [0.97590524 0.02409474]
D_1001351.wav 0 [0.9480251  0.05197482]
D_1001352.wav 0 [0.78052384 0.21947622]
D_1001353.wav 0 [0.70613426 0.29386574]
D_1001354.wav 0 [0.82247907 0.17752089]
D_1001355.wav 0 [0.8242187  0.17578132]
D_1001356.wav 0 [0.94689626 0.05310376]
D_1001357.wav 0 [0.99089843 0.00910163]
D_1001358.wav 0 [0.9805166  0.01948334]
D_1001359.wav 0 [0.9674695  0.03253052]
D_1001360.wav 0 [0.9357276  0.06427237]
D_1001361.wav 0 [0.8615162  0.13848385]
D_1001362.wav 0 [0.94404954 0.05595044]
D_1001363.wav 0 [0.9464254  0.05357466]
D_1001364.wav 0 [0.966965   0.03303505]
D_1001365.wav 0 [0.97556317 0.02443686]
D_1001366.wav 0 [0.97367543 0.02632455]
D_1001367.wav 0 [0.9866099  0.01339019]
D_1001368.wav 0 [0.91864604 0.08135396]
D_1001369.wav 0 [0.9629771  0.03702292]
D_1001370.wav 0 [0.68929166 0.3107083 ]
D_1001371.wav 0 [0.876513   0.12348705]
D_1001372.wav 0 [0.8656063  0.13439368]
D_1001373.wav 0 [0.7375351  0.26246488]
D_1001374.wav 0 [0.93284845 0.0671516 ]
D_1001375.wav 0 [0.96850646 0.03149359]
D_1001376.wav 0 [0.9792889  0.02071111]
D_1001377.wav 0 [0.9570609  0.04293914]
D_1001378.wav 0 [0.9614036 0.0385964]
D_1001379.wav 0 [0.9688766  0.03112342]
D_1001380.wav 0 [0.9729719  0.02702811]
D_1001381.wav 0 [0.9587225  0.04127755]
D_1001382.wav 0 [0.96291804 0.03708196]
D_1001383.wav 0 [0.97725415 0.02274588]
D_1001384.wav 0 [0.9594505  0.04054957]
D_1001385.wav 0 [0.791811   0.20818898]
D_1001386.wav 0 [0.8561914  0.14380863]
D_1001387.wav 0 [0.9120499  0.08795012]
D_1001388.wav 0 [0.9764922  0.02350783]
D_1001389.wav 0 [0.9789545  0.02104557]
D_1001390.wav 0 [0.98186827 0.01813178]
D_1001391.wav 0 [0.9200038 0.0799963]
D_1001392.wav 0 [0.9722943  0.02770576]
D_1001393.wav 0 [0.9569314  0.04306855]
D_1001394.wav 0 [0.96217453 0.0378255 ]
D_1001395.wav 0 [0.95686567 0.04313432]
D_1001396.wav 0 [0.94849193 0.05150801]
D_1001397.wav 0 [0.97906345 0.0209365 ]
D_1001398.wav 0 [0.86738944 0.13261056]
D_1001399.wav 0 [0.8085369  0.19146314]
D_1001400.wav 0 [0.9507629  0.04923701]
D_1001401.wav 0 [0.9505632 0.0494368]
D_1001402.wav 0 [0.95215344 0.04784656]
D_1001403.wav 0 [0.9969687  0.00303129]
D_1001404.wav 0 [0.98951143 0.01048855]
D_1001405.wav 0 [0.9227416  0.07725839]
D_1001406.wav 0 [0.957019   0.04298108]
D_1001407.wav 0 [0.8922985  0.10770146]
D_1001408.wav 0 [0.98068833 0.01931169]
D_1001409.wav 0 [0.95092666 0.04907332]
D_1001410.wav 0 [0.9361142  0.06388579]
D_1001411.wav 0 [0.92522705 0.07477292]
D_1001412.wav 0 [0.9412522  0.05874784]
D_1001413.wav 0 [0.9658573  0.03414264]
D_1001414.wav 0 [0.9618696  0.03813041]
D_1001415.wav 0 [0.9596752  0.04032485]
D_1001416.wav 0 [0.9552761  0.04472396]
D_1001417.wav 0 [0.97019315 0.02980683]
D_1001418.wav 0 [0.7739096  0.22609039]
D_1001419.wav 0 [0.94753563 0.05246434]
D_1001420.wav 0 [0.94686663 0.05313336]
D_1001421.wav 0 [0.7283963  0.27160373]
D_1001422.wav 0 [0.9592394  0.04076057]
D_1001423.wav 0 [0.9526653  0.04733471]
D_1001424.wav 0 [0.9610187  0.03898135]
D_1001425.wav 0 [0.9685777 0.0314224]
D_1001426.wav 0 [0.98784095 0.01215906]
D_1001427.wav 0 [0.99753016 0.00246988]
D_1001428.wav 0 [0.98391867 0.0160813 ]
D_1001429.wav 0 [0.9960064  0.00399362]
D_1001430.wav 0 [0.98999083 0.01000914]
D_1001431.wav 0 [0.98809296 0.01190707]
D_1001432.wav 0 [0.45189914 0.5481008 ]
D_1001433.wav 0 [0.9939883  0.00601172]
D_1001434.wav 0 [9.9901986e-01 9.8018709e-04]
D_1001435.wav 0 [0.9989128  0.00108721]
D_1001436.wav 0 [0.99857855 0.00142142]
D_1001437.wav 0 [0.9983706  0.00162948]
D_1001438.wav 0 [0.97297895 0.02702101]
D_1001439.wav 0 [0.9513419  0.04865807]
D_1001440.wav 0 [9.992374e-01 7.626325e-04]
D_1001441.wav 0 [0.99709237 0.00290763]
D_1001442.wav 0 [9.991177e-01 8.823335e-04]
D_1001443.wav 0 [9.996444e-01 3.555348e-04]
D_1001444.wav 0 [0.99854374 0.00145625]
D_1001445.wav 0 [0.9959896  0.00401042]
D_1001446.wav 0 [0.9868389  0.01316115]
D_1001447.wav 0 [9.9909806e-01 9.0196781e-04]
D_1001448.wav 0 [0.99772376 0.00227624]
D_1001449.wav 0 [0.9988595  0.00114043]
D_1001450.wav 0 [9.9907708e-01 9.2290796e-04]
D_1001451.wav 0 [0.99792993 0.00207007]
D_1001452.wav 0 [9.9964237e-01 3.5758523e-04]
D_1001453.wav 0 [9.9941933e-01 5.8071682e-04]
D_1001454.wav 0 [0.9972832  0.00271679]
D_1001455.wav 0 [0.99549955 0.00450049]
D_1001456.wav 0 [9.9944097e-01 5.5898132e-04]
D_1001457.wav 0 [0.99720734 0.00279268]
D_1001458.wav 0 [0.98735774 0.01264223]
D_1001459.wav 0 [0.99159276 0.00840719]
D_1001460.wav 0 [0.9954461 0.0045539]
D_1001461.wav 0 [0.9976731  0.00232688]
D_1001462.wav 0 [0.99872965 0.00127037]
D_1001463.wav 0 [0.99484766 0.00515233]
D_1001464.wav 0 [0.99627763 0.00372237]
D_1001465.wav 0 [0.9987204  0.00127959]
D_1001466.wav 0 [9.9964237e-01 3.5765106e-04]
D_1001467.wav 0 [9.990631e-01 9.369700e-04]
D_1001468.wav 0 [9.9928373e-01 7.1632763e-04]
D_1001469.wav 0 [0.99619967 0.00380033]
D_1001470.wav 0 [9.9924767e-01 7.5238716e-04]
D_1001471.wav 0 [9.9967337e-01 3.2662315e-04]
D_1001472.wav 0 [0.99091244 0.00908753]
D_1001473.wav 0 [9.990134e-01 9.864991e-04]
D_1001474.wav 0 [0.9955864  0.00441364]
D_1001475.wav 0 [9.9974579e-01 2.5422403e-04]
D_1001476.wav 0 [9.9941826e-01 5.8181630e-04]
D_1001477.wav 0 [9.9942774e-01 5.7225308e-04]
D_1001478.wav 0 [9.9982846e-01 1.7150464e-04]
D_1001479.wav 0 [0.9989279  0.00107205]
D_1001480.wav 0 [9.9919504e-01 8.0492691e-04]
D_1001481.wav 0 [9.994242e-01 5.758261e-04]
D_1001482.wav 0 [0.99888676 0.00111321]
D_1001483.wav 0 [0.9986864  0.00131358]
D_1001484.wav 0 [9.9961203e-01 3.8804967e-04]
D_1001485.wav 0 [9.995770e-01 4.229608e-04]
D_1001486.wav 0 [9.9953055e-01 4.6943405e-04]
D_1001487.wav 0 [0.99621826 0.00378178]
D_1001488.wav 0 [0.97991246 0.02008757]
D_1001489.wav 0 [0.99227285 0.00772721]
D_1001490.wav 0 [0.99232095 0.00767905]
D_1001491.wav 0 [0.9819905  0.01800948]
D_1001492.wav 0 [0.9959376  0.00406245]
D_1001493.wav 0 [9.995517e-01 4.482440e-04]
D_1001494.wav 0 [9.9919492e-01 8.0514175e-04]
D_1001495.wav 0 [0.98758185 0.01241813]
D_1001496.wav 0 [0.9963593  0.00364065]
D_1001497.wav 0 [0.985482   0.01451803]
D_1001498.wav 0 [9.999728e-01 2.723053e-05]
D_1001499.wav 0 [9.999361e-01 6.383480e-05]
D_1001500.wav 0 [0.9978655  0.00213455]
D_1001501.wav 0 [0.99709666 0.00290336]
D_1001502.wav 0 [0.9978005  0.00219946]
D_1001503.wav 0 [0.99836296 0.00163707]
D_1001504.wav 0 [0.996458   0.00354205]
D_1001505.wav 0 [0.9988746  0.00112535]
D_1001506.wav 0 [0.99741626 0.00258368]
D_1001507.wav 0 [0.99869436 0.00130569]
D_1001508.wav 0 [0.9962835  0.00371653]
D_1001509.wav 0 [0.99505734 0.00494261]
D_1001510.wav 0 [0.99189645 0.00810356]
D_1001511.wav 0 [0.98877466 0.01122538]
D_1001512.wav 0 [0.9978811  0.00211884]
D_1001513.wav 0 [9.9949527e-01 5.0466845e-04]
D_1001514.wav 0 [0.9858905  0.01410956]
D_1001515.wav 0 [0.9654021  0.03459791]
D_1001516.wav 0 [9.9940825e-01 5.9172668e-04]
D_1001517.wav 0 [0.98378396 0.01621597]
D_1001518.wav 0 [0.89323515 0.10676482]
D_1001519.wav 0 [0.9980665  0.00193358]
D_1001520.wav 0 [0.99436074 0.00563934]
D_1001521.wav 0 [0.9578278  0.04217219]
D_1001522.wav 0 [0.9942788  0.00572115]
D_1001523.wav 0 [0.9756505  0.02434945]
D_1001524.wav 0 [0.98441154 0.01558844]
D_1001525.wav 0 [0.9841421  0.01585793]
D_1001526.wav 0 [0.9739908  0.02600923]
D_1001527.wav 0 [0.73956215 0.26043788]
D_1001528.wav 0 [0.9533102 0.0466898]
D_1001529.wav 0 [0.95144093 0.04855905]
D_1001530.wav 0 [0.92643404 0.073566  ]
D_1001531.wav 0 [0.9417161  0.05828397]
D_1001532.wav 0 [0.9951605  0.00483948]
D_1001533.wav 0 [0.8724152  0.12758477]
D_1001534.wav 0 [0.9461683  0.05383174]
D_1001535.wav 0 [0.99568295 0.00431699]
D_1001536.wav 0 [0.97805196 0.02194805]
D_1001537.wav 0 [0.8191974  0.18080251]
D_1001538.wav 0 [0.9127202  0.08727974]
D_1001539.wav 0 [0.9968104 0.0031896]
D_1001540.wav 0 [0.99237835 0.00762161]
D_1001541.wav 0 [0.9673333  0.03266665]
D_1001542.wav 0 [0.8589565  0.14104347]
D_1001543.wav 0 [0.7413996 0.2586004]
D_1001544.wav 0 [0.06876914 0.9312309 ]
D_1001545.wav 0 [0.8486439  0.15135615]
D_1001546.wav 0 [0.97067285 0.02932715]
D_1001547.wav 0 [0.9968606  0.00313936]
D_1001548.wav 0 [0.99589974 0.0041002 ]
D_1001549.wav 0 [0.9965628  0.00343722]
D_1001550.wav 0 [0.9426982  0.05730185]
D_1001551.wav 0 [0.90928817 0.09071185]
D_1001552.wav 0 [0.96070445 0.03929553]
D_1001553.wav 0 [0.96965337 0.03034665]
D_1001554.wav 0 [0.9941964  0.00580351]
D_1001555.wav 0 [0.9959645  0.00403549]
D_1001556.wav 0 [0.9959329  0.00406713]
D_1001557.wav 0 [0.99799514 0.00200492]
D_1001558.wav 0 [0.9600975  0.03990253]
D_1001559.wav 0 [0.9882614  0.01173864]
D_1001560.wav 0 [0.84917206 0.15082796]
D_1001561.wav 0 [0.9099051  0.09009486]
D_1001562.wav 0 [0.8698963  0.13010369]
D_1001563.wav 0 [0.83145297 0.16854699]
D_1001564.wav 0 [0.9573747  0.04262532]
D_1001565.wav 0 [0.9880262  0.01197381]
D_1001566.wav 0 [0.98775345 0.01224649]
D_1001567.wav 0 [0.9947896  0.00521043]
D_1001568.wav 0 [0.9868815  0.01311855]
D_1001569.wav 0 [0.99152 0.00848]
D_1001570.wav 0 [0.99066556 0.00933449]
D_1001571.wav 0 [0.9828115  0.01718843]
D_1001572.wav 0 [0.97124004 0.02876001]
D_1001573.wav 0 [0.983709   0.01629096]
D_1001574.wav 0 [0.96670055 0.03329944]
D_1001575.wav 0 [0.8337102 0.1662898]
D_1001576.wav 0 [0.8688135  0.13118649]
D_1001577.wav 0 [0.9298171  0.07018293]
D_1001578.wav 0 [0.9985916  0.00140833]
D_1001579.wav 0 [0.99597496 0.00402506]
D_1001580.wav 0 [0.99824274 0.00175729]
D_1001581.wav 0 [0.94117236 0.05882766]
D_1001582.wav 0 [0.9843671  0.01563296]
D_1001583.wav 0 [0.9816783  0.01832172]
D_1001584.wav 0 [0.9849613  0.01503866]
D_1001585.wav 0 [0.977514   0.02248592]
D_1001586.wav 0 [0.9764722  0.02352778]
D_1001587.wav 0 [0.9959157  0.00408428]
D_1001588.wav 0 [0.91517496 0.08482501]
D_1001589.wav 0 [0.8828493  0.11715073]
D_1001590.wav 0 [0.96221274 0.03778728]
D_1001591.wav 0 [0.9820987  0.01790133]
D_1001592.wav 0 [0.96641225 0.0335878 ]
D_1001593.wav 0 [9.995322e-01 4.677581e-04]
D_1001594.wav 0 [0.99656737 0.00343263]
D_1001595.wav 0 [0.9511643  0.04883576]
D_1001596.wav 0 [0.98491687 0.01508313]
D_1001597.wav 0 [0.89245164 0.10754842]
D_1001598.wav 0 [0.9967686  0.00323141]
D_1001599.wav 0 [0.97732204 0.02267797]
D_1001600.wav 0 [0.9512176  0.04878246]
D_1001601.wav 0 [0.91963494 0.0803651 ]
D_1001602.wav 0 [0.9458024  0.05419765]
D_1001603.wav 0 [0.99033666 0.0096633 ]
D_1001604.wav 0 [0.9836051  0.01639487]
D_1001605.wav 0 [0.98051363 0.0194864 ]
D_1001606.wav 0 [0.9733883  0.02661172]
D_1001607.wav 0 [0.9798861  0.02011384]
D_1001608.wav 0 [0.870096   0.12990394]
D_1001609.wav 0 [0.9614543  0.03854574]
D_1001610.wav 0 [0.9673007  0.03269923]
D_1001611.wav 0 [0.858439   0.14156096]
D_1001612.wav 0 [0.98085964 0.01914033]
D_1001613.wav 0 [0.9623874 0.0376127]
D_1001614.wav 0 [0.976981   0.02301898]
D_1001615.wav 0 [0.983439   0.01656103]
D_1001616.wav 0 [0.9709367  0.02906326]
D_1001617.wav 0 [0.9826889 0.0173111]
D_1001618.wav 0 [0.9790381  0.02096193]
D_1001619.wav 0 [0.9938643  0.00613573]
D_1001620.wav 0 [0.9864107  0.01358928]
D_1001621.wav 0 [0.9816366  0.01836344]
D_1001622.wav 0 [0.8578184  0.14218158]
D_1001623.wav 0 [0.9845093  0.01549065]
D_1001624.wav 0 [0.98563725 0.01436269]
D_1001625.wav 0 [0.97866756 0.02133248]
D_1001626.wav 0 [0.98586965 0.0141304 ]
D_1001627.wav 0 [0.99682105 0.00317899]
D_1001628.wav 0 [0.8205108  0.17948915]
D_1001629.wav 0 [0.9848162  0.01518379]
D_1001630.wav 0 [0.995795   0.00420504]
D_1001631.wav 0 [0.9736713  0.02632865]
D_1001632.wav 0 [0.76342773 0.23657233]
D_1001633.wav 0 [0.9492447  0.05075528]
D_1001634.wav 0 [0.9980229  0.00197705]
D_1001635.wav 0 [0.99308175 0.00691824]
D_1001636.wav 0 [0.96847916 0.0315209 ]
D_1001637.wav 0 [0.8577423  0.14225766]
D_1001638.wav 0 [0.58906436 0.41093564]
D_1001639.wav 0 [0.9114661 0.0885339]
D_1001640.wav 0 [0.93416715 0.06583282]
D_1001641.wav 0 [0.9837933  0.01620672]
D_1001642.wav 0 [9.993125e-01 6.874979e-04]
D_1001643.wav 0 [0.99840087 0.00159908]
D_1001644.wav 0 [0.997145 0.002855]
D_1001645.wav 0 [0.9652285  0.03477145]
D_1001646.wav 0 [0.95514286 0.04485714]
D_1001647.wav 0 [0.9739663  0.02603377]
D_1001648.wav 0 [0.96889055 0.03110949]
D_1001649.wav 0 [0.9908873  0.00911277]
D_1001650.wav 0 [0.9951191  0.00488097]
D_1001651.wav 0 [0.9963981  0.00360189]
D_1001652.wav 0 [0.9981797  0.00182038]
D_1001653.wav 0 [0.9587019  0.04129807]
D_1001654.wav 0 [0.98840386 0.0115962 ]
D_1001655.wav 0 [0.67564917 0.32435083]
D_1001656.wav 0 [0.9584369  0.04156308]
D_1001657.wav 0 [0.9050864  0.09491361]
D_1001658.wav 0 [0.8262697 0.1737303]
D_1001659.wav 0 [0.95016354 0.04983644]
D_1001660.wav 0 [0.99674255 0.00325747]
D_1001661.wav 0 [0.99835026 0.0016497 ]
D_1001662.wav 0 [0.9877842  0.01221586]
D_1001663.wav 0 [0.9919459  0.00805406]
D_1001664.wav 0 [0.9912999  0.00870012]
D_1001665.wav 0 [0.99860865 0.00139133]
D_1001666.wav 0 [0.99657613 0.00342385]
D_1001667.wav 0 [0.99333715 0.00666281]
D_1001668.wav 0 [0.99530834 0.00469167]
D_1001669.wav 0 [0.9910334  0.00896659]
D_1001670.wav 0 [0.7331487  0.26685137]
D_1001671.wav 0 [0.91353595 0.08646407]
D_1001672.wav 0 [0.9414114  0.05858862]
D_1001673.wav 0 [0.9979273 0.0020727]
D_1001674.wav 0 [0.996772   0.00322797]
D_1001675.wav 0 [9.9922395e-01 7.7599043e-04]
D_1001676.wav 0 [0.9913618  0.00863825]
D_1001677.wav 0 [0.9897932  0.01020682]
D_1001678.wav 0 [0.9760464  0.02395369]
D_1001679.wav 0 [0.97922933 0.02077064]
D_1001680.wav 0 [0.9798481  0.02015193]
D_1001681.wav 0 [0.9648101  0.03518988]
D_1001682.wav 0 [0.9908251  0.00917481]
D_1001683.wav 0 [0.96275485 0.03724512]
D_1001684.wav 0 [0.9355968  0.06440312]
D_1001685.wav 0 [0.9614976  0.03850235]
D_1001686.wav 0 [0.9884984  0.01150159]
D_1001687.wav 0 [0.9698547  0.03014526]
D_1001688.wav 0 [9.999101e-01 8.991731e-05]
D_1001689.wav 0 [9.9917895e-01 8.2100707e-04]
D_1001690.wav 0 [0.96668005 0.03331989]
D_1001691.wav 0 [0.9961385  0.00386143]
D_1001692.wav 0 [0.9783644  0.02163557]
D_1001693.wav 0 [0.9964755  0.00352443]
D_1001694.wav 0 [0.9842451  0.01575486]
D_1001695.wav 0 [0.9849819  0.01501812]
D_1001696.wav 0 [0.9774049  0.02259503]
D_1001697.wav 0 [0.9815524  0.01844764]
D_1001698.wav 0 [0.9927776  0.00722243]
D_1001699.wav 0 [0.98725116 0.01274881]
D_1001700.wav 0 [0.8995836  0.10041635]
D_1001701.wav 0 [0.9665158  0.03348418]
D_1001702.wav 0 [0.98442    0.01557996]
D_1001703.wav 0 [0.6678646  0.33213535]
D_1001704.wav 0 [0.95035106 0.04964899]
D_1001705.wav 0 [0.9594067  0.04059331]
D_1001706.wav 0 [0.86745137 0.13254857]
D_1001707.wav 0 [0.979001   0.02099906]
D_1001708.wav 0 [0.9586975  0.04130248]
D_1001709.wav 0 [0.9889501  0.01104991]
D_1001710.wav 0 [0.9867491  0.01325085]
